-1.23630521905479,-1.24535209283404	     -1.28747018239865,-0.710112771252886 -1.354061022753,-0.974236031083411 -1.37438019109375,-1.02860160672732 -1.33132636034138,-1.03717185807936 -1.23630521905479,-1.24535209283404 
1.29750506675534,-1.16426031029591	     1.30125518160818,-0.69941727271776 0.920995169070391,-1.05507769202481 1.68132815934626,-1.10383987670313 1.21345756640976,-0.93411403688371 1.29750506675534,-1.16426031029591 
1.52746600180724,-0.106056028138719	     1.93220986587942,-0.452915221916062 1.99632157904544,-0.114571385157554 1.89189821905545,-0.36952321183539 1.62523260259893,-0.165098025404529 1.52746600180724,-0.106056028138719 
1.20132230140961,0.873435772823535	     0.951432382067986,1.37756862610882 1.51861489792762,0.647779007622608 1.2725942154385,0.554123033087352 1.27104223748257,1.08114205921464 1.20132230140961,0.873435772823535 
1.27104223748257,1.08114205921464	     1.2725942154385,0.554123033087352 1.51861489792762,0.647779007622608 0.951432382067986,1.37756862610882 1.20132230140961,0.873435772823535 1.27104223748257,1.08114205921464 
-1.93805149745592,0.550836392288696	     -1.61307989687653,0.799551399713166 -1.57513462028534,0.704489215455007 -1.78929200927683,0.671330908054866 -1.83027544999703,0.394094675026965 -1.93805149745592,0.550836392288696 
-1.48794240111931,1.13895717904297	     -1.2075263898281,0.687232661656861 -1.57513462028534,0.704489215455007 -1.61307989687653,0.799551399713166 -1.30644554752398,1.11520896729637 -1.48794240111931,1.13895717904297 
-1.61307989687653,0.799551399713166	     -1.46731596957135,0.443834634984802 -1.48794240111931,1.13895717904297 -1.78929200927683,0.671330908054866 -1.57513462028534,0.704489215455007 -1.61307989687653,0.799551399713166 
-1.23630521905479,-1.24535209283404	     -1.28747018239865,-0.710112771252886 -1.354061022753,-0.974236031083411 -1.37438019109375,-1.02860160672732 -1.33132636034138,-1.03717185807936 -1.23630521905479,-1.24535209283404 
-0.923522294405776,-0.622150354795831	     -0.510361039777852,-0.843741713302093 -1.28747018239865,-0.710112771252886 -1.23826693128018,-0.635501571803563 -0.957088003778142,-0.59912794623558 -0.923522294405776,-0.622150354795831 
-1.51755354681135,0.304837522652028	     -1.57513462028534,0.704489215455007 -1.83027544999703,0.394094675026965 -1.28493525299053,0.453842947251501 -1.46731596957135,0.443834634984802 -1.51755354681135,0.304837522652028 
-0.749124452717538,1.33166727630086	     -0.938876360759883,1.78069645243761 -0.29896271914346,1.36771661076524 -0.494911158884674,1.06200006648575 -0.794180205151738,1.6639649765257 -0.749124452717538,1.33166727630086 
-0.184809165092322,1.87459732092437	     -0.938876360759883,1.78069645243761 -0.794180205151738,1.6639649765257 -0.29896271914346,1.36771661076524 -0.273395319005119,1.77449049819355 -0.184809165092322,1.87459732092437 
0.804395023603705,-1.99539577148357	     0.676701218137575,-1.38911519824707 1.27018836831715,-1.86558465573428 0.727887616596253,-1.62308264444906 0.889758369467369,-1.7247756035278 0.804395023603705,-1.99539577148357 
0.579058147480352,-0.923753653255927	     0.727887616596253,-1.62308264444906 1.21345756640976,-0.93411403688371 0.676701218137575,-1.38911519824707 0.920995169070391,-1.05507769202481 0.579058147480352,-0.923753653255927 
-1.40053823008813,-0.721601059278016	     -1.37438019109375,-1.02860160672732 -1.354061022753,-0.974236031083411 -1.23826693128018,-0.635501571803563 -1.28747018239865,-0.710112771252886 -1.40053823008813,-0.721601059278016 
-0.308457243599662,0.328996658108908	     -0.52433381574442,0.42955685507339 -0.332802128276852,0.108570967042609 -0.270433984866153,0.125335626262698 -0.329023582733351,0.408681950327181 -0.308457243599662,0.328996658108908 
0.191483604859379,0.701328262987998	     0.331945530990696,0.577771125725346 0.358029938780236,0.733452973178612 0.0743797700421527,0.617782831028265 0.0865993698571348,0.783797253206432 0.191483604859379,0.701328262987998 
-0.794180205151738,1.6639649765257	     -0.29896271914346,1.36771661076524 -0.273395319005119,1.77449049819355 -0.749124452717538,1.33166727630086 -0.938876360759883,1.78069645243761 -0.794180205151738,1.6639649765257 
1.32551897135628,-1.63670685685024	     1.77094793710774,-1.97313874272609 1.29750506675534,-1.16426031029591 0.889758369467369,-1.7247756035278 1.27018836831715,-1.86558465573428 1.32551897135628,-1.63670685685024 
0.579058147480352,-0.923753653255927	     0.727887616596253,-1.62308264444906 1.21345756640976,-0.93411403688371 0.676701218137575,-1.38911519824707 0.920995169070391,-1.05507769202481 0.579058147480352,-0.923753653255927 
1.52746600180724,-0.106056028138719	     1.93220986587942,-0.452915221916062 1.99632157904544,-0.114571385157554 1.89189821905545,-0.36952321183539 1.62523260259893,-0.165098025404529 1.52746600180724,-0.106056028138719 
0.595965970849425,1.27992489112776	     0.244799170838641,0.88703213356441 0.951432382067986,1.37756862610882 0.511893436760417,1.50148639441674 0.666111653610348,1.08063891443444 0.595965970849425,1.27992489112776 
1.93625489751662,1.83077575936633	     1.27104223748257,1.08114205921464 1.9306535988878,0.837126810842179 1.926551803883,0.953707359907766 1.42209122338365,1.66969736819753 1.93625489751662,1.83077575936633 
1.80652185911091,-0.980839373611979	     1.30125518160818,-0.69941727271776 1.93220986587942,-0.452915221916062 1.29750506675534,-1.16426031029591 1.68132815934626,-1.10383987670313 1.80652185911091,-0.980839373611979 
