0	0.042440128989684196	0.02759354002315757	104
1	2.478327735262924	0.0827806200694727	10
10	5.516911583994467	0.5794643404863089	59
11	5.110721877669984	0.634651420532624	53
12	6.59884024315207	0.6898385005789391	65
13	6.466389369501012	0.7450255806252543	82
14	4.501916863284851	0.8002126606715694	64
15	4.541117583269559	0.8553997407178845	77
16	4.781774946098493	0.9105868207641996	82
17	5.779150212864366	0.9657739008105147	104
18	5.463259749036724	1.0209609808568298	81
19	6.677525640507371	1.076148060903145	80
2	3.3117729913665572	0.13796770011578785	16
20	6.268246140852687	1.1313351409494603	86
21	5.229862409484261	1.1865222209957755	109
22	4.416628241905624	1.2417093010420908	97
23	4.8465211046009555	1.296896381088406	83
24	4.770110465533482	1.3520834611347212	96
25	6.939260636827496	1.4072705411810364	87
26	6.048251576042644	1.4624576212273517	100
27	7.213997372055657	1.517644701273667	84
28	7.351862053533509	1.5728317813199821	107
29	5.177352526317609	1.6280188613662974	104
3	7.03146959993867	0.193154780162103	30
30	5.009493395324382	1.6832059414126126	123
31	5.317171114357988	1.7383930214589278	107
32	4.566096521041543	1.793580101505243	110
33	7.314551698019113	1.8487671815515583	103
34	5.986226169274583	1.9039542615978735	93
35	6.298157580085587	1.9591413416441887	93
36	4.6053702960936835	2.0143284216905037	95
37	5.226984789575685	2.0695155017368188	97
38	5.789563447661409	2.1247025817831338	100
39	4.862742541157255	2.1798896618294488	113
4	5.33973542265059	0.24834186020841814	22
40	5.037981438666295	2.2350767418757638	105
41	6.533730390842285	2.290263821922079	98
42	5.932032759986972	2.345450901968394	118
43	6.1986449741558065	2.400637982014709	87
44	5.296306368177188	2.455825062061024	71
45	4.52544260888862	2.511012142107339	73
46	4.395402607697602	2.566199222153654	96
47	3.7981809734302394	2.621386302199969	68
48	5.656656167102368	2.676573382246284	63
49	5.190484527152973	2.731760462292599	76
5	5.22904600351648	0.30352894025473326	34
6	3.992163024060608	0.3587160203010484	22
7	5.552026721069344	0.4139031003473635	37
8	4.2891792773195645	0.4690901803936786	42
9	3.556020636691511	0.5242772604399938	49
