0.727887616596253 -1.62308264444906 -2.89874283131310 0
-1.83027544999703 0.394094675026965 -0.464009749729280 1
-1.71421814159743 -0.116302974566664 -2.25396124548638 2
0.0865993698571348 0.783797253206432 2.15280323010460 3
-1.61307989687653 0.799551399713166 0.666663439935372 4
1.27259421543850 0.554123033087352 1.62171750428637 5
1.27018836831715 -1.86558465573428 1.47270062896505 6
0.889758369467369 -1.72477560352780 2.02995592791978 7
-1.40053823008813 -0.721601059278016 -1.59814307363604 8
0.638421011633229 0.123457122776506 -0.269170300272186 9
