0.0743797700421527 0.617782831028265 2.98544166241685 10
1.89189821905545 -0.369523211835390 -0.198909102962239 11
0.595965970849425 1.27992489112776 1.83934262457589 12
1.20132230140961 0.873435772823535 -2.11156752336079 13
-0.184809165092322 1.87459732092437 1.70401295242261 14
-0.270433984866153 0.125335626262698 1.21087110284198 15
1.30125518160818 -0.699417272717760 0.00694605389945480 16
-1.66612074056434 -1.57748318668391 -0.719288922359062 17
-1.46731596957135 0.443834634984802 -1.03757376360229 18
-1.30644554752398 1.11520896729637 -2.47221136054169 19
