-0.436248790705058 -0.306188324149047 -0.941295969854180 20
1.32551897135628 -1.63670685685024 2.35833650168436 21
1.21345756640976 -0.934114036883710 -1.26870888426843 22
-1.75811528332043 -1.38537312963477 -2.44709828083421 23
-0.402968917545697 -0.875978789864516 1.46040679724890 24
0.107503322033184 -0.239659443993117 4.77564124657259 25
-0.332802128276852 0.108570967042609 4.10652470639324 26
0.627439563894829 -0.170302537249304 -1.24370374349226 27
0.511893436760417 1.50148639441674 0.624921612127154 28
-0.832063680153140 0.0722084334444166 1.15786623021535 29
