-0.273395319005119 1.77449049819355 0.620794976307693 30
-1.93805149745592 0.550836392288696 2.21136775516730 31
1.93625489751662 1.83077575936633 -2.05182665110606 32
-1.33132636034138 -1.03717185807936 -0.473576813861746 33
-1.57513462028534 0.704489215455007 2.92443597046049 34
-0.510361039777852 -0.843741713302093 -3.44837442818044 35
-1.20752638982810 0.687232661656861 2.25126284784050 36
-0.0412494479359045 0.780561998206949 -1.49422698732398 37
-0.642026346436969 -1.72802892611996 0.682559507110000 38
1.80652185911091 -0.980839373611979 2.16122774482173 39
