1.68132815934626 -1.10383987670313 -0.961381082477717 40
-1.78929200927683 0.671330908054866 -2.65586236684267 41
0.951432382067986 1.37756862610882 1.63010912008442 42
-0.923522294405776 -0.622150354795831 -3.91173165732843 43
-0.308657539964769 1.12207861092543 4.32100590011774 44
0.191483604859379 0.701328262987998 0.379378570125910 45
1.77094793710774 -1.97313874272609 2.83061087306960 46
-0.329023582733351 0.408681950327181 3.82556081704381 47
1.93220986587942 -0.452915221916062 -2.25291293359686 48
-0.794180205151738 1.66396497652570 2.85367169985864 49
