0.804395023603705 -1.99539577148357 -1.78451470280099 50
0.665355406337703 -0.150203363030685 -0.569438121687090 51
0.156505860171427 -0.302603840738499 2.76883346633624 52
0.792422080721233 -0.156334535884144 -2.09948607058675 53
0.666111653610348 1.08063891443444 -2.47674802076316 54
-1.28747018239865 -0.710112771252886 -2.38166029429615 55
-1.48794240111931 1.13895717904297 0.696346411419309 56
1.99632157904544 -0.114571385157554 -3.42324551504528 57
-1.31551573457427 -1.85694906692353 -2.72695785698463 58
-1.86959671787789 -1.29650233726588 0.298493638729778 59
