0.244799170838641 0.887032133564410 -1.81531924014397 60
1.52746600180724 -0.106056028138719 -1.24465440989042 61
0.676701218137575 -1.38911519824707 -2.52268826791493 62
-1.23826693128018 -0.635501571803563 1.78880005321354 63
-0.524333815744420 0.429556855073390 -3.52206814098523 64
-0.157096250958354 -1.23301897815281 -1.94421369262047 65
1.92655180388300 0.953707359907766 -0.781981879505700 66
-1.37438019109375 -1.02860160672732 -3.35691128857536 67
1.42209122338365 1.66969736819753 1.40055913018612 68
0.579058147480352 -0.923753653255927 4.02382892431378 69
