-0.494911158884674 1.06200006648575 -1.77551060900681 70
-1.23630521905479 -1.24535209283404 0.468811685364994 71
-0.286988028082456 -0.850007307735475 3.40320265506860 72
-0.0719117558725748 -1.63554614525386 -3.00407576625339 73
-1.51755354681135 0.304837522652028 2.79892637324386 74
0.358029938780236 0.733452973178612 -0.957691318180246 75
-1.09524928098930 0.186372458361291 0.375387835578195 76
-0.461523502522357 -0.297084632515249 -0.761932417265788 77
0.331945530990696 0.577771125725346 -1.43589548020397 78
-0.992775510110749 0.590470520690738 -2.13844142198231 79
