-0.838237342892083 0.716067016372808 1.72468830886270 80
0.468363537572893 0.543146842056335 2.18327004370302 81
-0.938876360759883 1.78069645243761 -4.23274326062143 82
1.29750506675534 -1.16426031029591 -0.467473540156719 83
1.93065359888780 0.837126810842179 -2.23251805757235 84
0.920995169070391 -1.05507769202481 3.55912909217086 85
-0.624491983540068 -1.52241500881078 0.145307645409810 86
0.336277333113808 0.429215762742539 -2.42279053382479 87
-1.56892393902503 -0.199449212136416 2.42173127450152 88
1.62523260259893 -0.165098025404529 -1.91022980307084 89
