1.51861489792762 0.647779007622608 -3.76565666983560 90
1.27104223748257 1.08114205921464 -0.116889597412522 91
-0.957088003778142 -0.599127946235580 -3.74703884012974 92
0.377425002657323 0.648038393436538 -1.22779374764457 93
-1.90994962903907 -0.335365640120814 1.08440783119575 94
-0.298962719143460 1.36771661076524 1.76686696464979 95
-0.749124452717538 1.33166727630086 2.90356488047570 96
-1.35406102275300 -0.974236031083411 -3.67186380492156 97
-1.28493525299053 0.453842947251501 -1.90222062857512 98
-0.308457243599662 0.328996658108908 3.85318295388745 99
