71.0 138.0 606
63.0 140.0 289
73.0 130.0 783
64.0 141.0 696
68.0 130.0 646
70.0 139.0 606
75.0 141.0 791
64.0 130.0 227
62.0 129.0 227
75.0 130.0 783
63.0 139.0 492.5
63.0 131.0 227
65.0 128.0 227
73.0 141.0 606
73.0 129.0 783
68.0 129.0 646
61.0 137.0 289
69.0 128.0 646
66.0 130.0 412
74.0 128.0 783
69.0 140.0 606
73.0 138.0 606
66.0 129.0 424.82
62.0 138.0 386.78
61.0 139.0 696
65.0 131.0 227
61.0 140.0 370.4
63.0 128.0 227
64.0 129.0 0
67.0 128.0 646
63.0 137.0 289
75.0 129.0 783
72.0 139.0 677.67
62.0 130.0 227
70.0 140.0 606
72.0 140.0 682.63
65.0 139.0 696
62.0 141.0 468.7
70.0 128.0 646
69.0 139.0 606
65.0 140.0 696
64.0 138.0 696
74.0 140.0 791
74.0 139.0 791
71.0 141.0 667.67
