73.0 128.0 783
74.0 129.0 783
62.0 140.0 457.58
73.0 140.0 729.33
63.0 138.0 434.94
67.0 129.0 646
64.0 140.0 696
73.0 139.0 703.65
70.0 141.0 606
69.0 130.0 646
65.0 129.0 227
74.0 141.0 791
64.0 131.0 227
75.0 128.0 0
75.0 140.0 791
72.0 141.0 714.37
70.0 130.0 646
68.0 128.0 0
62.0 128.0 227
62.0 131.0 227
74.0 130.0 783
75.0 139.0 791
62.0 137.0 289
65.0 141.0 696
66.0 131.0 227
72.0 138.0 606
65.0 130.0 227
70.0 138.0 606
63.0 130.0 227
63.0 129.0 227
63.0 141.0 527.42
65.0 138.0 696
67.0 130.0 646
62.0 139.0 395.31
66.0 128.0 448.18
69.0 138.0 606
64.0 128.0 227
64.0 139.0 696
61.0 141.0 414.77
70.0 129.0 646
71.0 139.0 654.32
61.0 138.0 350.14
69.0 141.0 606
69.0 129.0 646
71.0 140.0 791
