14
47
96
155
220
277
324
363
401
444
494
540
592
651
712
774
846
922
993
1065
1149
1242
1336
1434
1532
1630
1724
1809
1878
1937
1983
2023
2073
2136
2210
2291
2378
2461
2547
2637
2729
2818
2906
2986
3051
3100
3133
3161
3182
3203
3236
3287
3342
3410
3485
3559
3628
3696
3759
3809
3847
3871
3882
3883
3890
3907
3935
3976
4028
4079
4120
4161
4204
4250
4303
4371
4445
4517
4590
4667
4751
4832
4916
4994
5069
5136
5207
5282
5365
5450
5537
5619
5693
5763
5832
5900
5970
6047
6126
6209
6292
6373
6447
6514
6577
6637
6703
6776
6850
6926
7004
7075
7135
7196
7249
7295
7331
7359
7376
7386
7389
7390
7391
7393
7394
7396
7403
7418
7450
7500
7563
7638
7721
7802
7882
7964
8042
8116
8186
8250
8309
8368
8431
8495
8560
8630
8699
8768
8836
8906
8976
9045
9113
9179
9243
9308
9380
9448
9520
9591
9658
9715
9778
9840
9896
9943
9985
10003
10043
10107
10181
10264
10339
10405
10460
10514
10572
10640
10701
10769
10845
10924
11003
11098
11196
11292
11392
11506
11627
11750
11877
12005
12136
12264
12386
12488
12577
12653
12723
12801
12896
13003
13114
13231
13344
13462
13585
13711
13831
13947
14050
14134
14201
14249
14289
14320
14351
14395
14461
14537
14629
14727
14822
14915
15003
15081
15144
15192
15219
15230
15231
15239
15262
15301
15355
15421
15485
15534
15578
15625
15677
15740
15820
15914
16007
16102
16203
16314
16418
16524
16626
16725
16817
16915
17019
17127
17235
17344
17446
17542
17638
17738
17837
17938
18043
18154
18264
18372
18482
18586
18677
18764
18851
18943
19041
19142
19247
19351
19445
19528
19610
19681
19742
19789
19824
19844
19854
19857
19858
19859
19862
19864
19867
19876
19899
19946
20019
20111
20217
20328
20435
20539
20644
20747
20847
20940
21029
21114
21199
21289
21382
21473
21568
21662
21758
21853
21950
22045
22137
22225
22311
22395
22479
22573
22662
22754
22847
22940
23022
23114
23205
23287
23355
23415
23447
23504
23590
23686
23787
23874
23950
24013
24074
24140
24216
24286
24361
24447
24543
24645
24766
24898
25029
25159
25300
25449
25598
25753
25912
26073
26225
26371
26491
26594
26686
26779
26879
27001
27138
27280
27427
27568
27712
27860
28012
14
47
96
155
220
277
324
363
401
444
494
540
592
651
712
774
846
922
993
1065
1149
1242
1336
1434
1532
1630
1724
1809
1878
1937
1983
2023
2073
2136
2210
2291
2378
2461
2547
2637
2729
2818
2906
2986
3051
3100
3133
3161
3182
3203
3236
3287
3342
3410
3485
3559
3628
3696
3759
3809
3847
3871
3882
3883
3890
3907
3935
3976
4028
4079
4120
4161
4204
4250
4303
4371
4445
4517
4590
4667
4751
4832
4916
4994
5069
5136
5207
5282
5365
5450
5537
5619
5693
5763
5832
5900
5970
6047
6126
6209
6292
6373
6447
6514
6577
6637
6703
6776
6850
6926
7004
7075
7135
7196
7249
7295
7331
7359
7376
7386
7389
7390
7391
7393
7394
7396
7403
7418
7450
7500
7563
7638
7721
7802
7882
7964
8042
8116
8186
8250
8309
8368
8431
8495
8560
8630
8699
8768
8836
8906
8976
9045
9113
9179
9243
9308
9380
9448
9520
9591
9658
9715
9778
9840
9896
9943
9985
10003
10043
10107
10181
10264
10339
10405
10460
10514
10572
10640
10701
10769
10845
10924
11003
11098
11196
11292
11392
11506
11627
11750
11877
12005
12136
12264
12386
12488
12577
12653
12723
12801
12896
13003
13114
13231
13344
13462
13585
13711
13831
13947
14050
14134
14201
14249
14289
14320
14351
14395
14461
14537
14629
14727
14822
14915
15003
15081
15144
15192
15219
15230
15231
15239
15262
15301
15355
15421
15485
15534
15578
15625
15677
15740
15820
15914
16007
16102
16203
16314
16418
16524
16626
16725
16817
16915
17019
17127
17235
17344
17446
17542
17638
17738
17837
17938
18043
18154
18264
18372
18482
18586
18677
18764
18851
18943
19041
19142
19247
19351
19445
19528
19610
19681
19742
19789
19824
19844
19854
19857
19858
19859
19862
19864
19867
19876
19899
19946
20019
20111
20217
20328
20435
20539
20644
20747
20847
20940
21029
21114
21199
21289
21382
21473
21568
21662
21758
21853
21950
22045
22137
22225
22311
22395
22479
22573
22662
22754
22847
22940
23022
23114
23205
23287
23355
23415
23447
23504
23590
23686
23787
23874
23950
24013
24074
24140
24216
24286
24361
24447
24543
24645
24766
24898
25029
25159
25300
25449
25598
25753
25912
26073
26225
26371
26491
26594
26686
26779
26879
27001
27138
27280
27427
27568
27712
27860
28012
28155
28292
28412
28513
28591
28650
28705
28756
28808
28878
28973
29074
29191
29311
29429
29544
29655
29751
29829
29885
29915
29926
29930
29943
29971
30023
30092
30173
30251
30316
30373
30437
30506
30590
30693
30812
30928
31048
31174
31312
31445
31582
31713
31841
31961
32083
32211
32344
32474
32605
32728
32845
32963
33089
33215
33346
33480
33619
33753
33883
34013
34140
34257
34374
34493
34614
34736
34860
34989
35118
35239
35350
35457
35547
35620
35675
35714
35735
35745
35748
35749
35750
35754
35758
35764
35778
35808
35867
35957
36068
36199
36339
36472
36602
36734
36859
36980
37097
37209
37317
37426
37539
37655
37768
37887
38007
38128
38247
38369
38487
38602
38714
38821
38923
39026
39138
39246
39361
39481
39601
39710
39825
39937
40039
40129
40208
40250
40318
40411
40511
40614
40703
40773
40833
40895
40958
41031
41103
41176
41260
41355
41452
41574
41711
41848
41982
42127
42278
42428
42586
42749
42911
43056
43201
43316
43413
43503
43603
43708
43837
43978
44125
44270
44406
44546
44697
44852
44995
45129
45241
45327
45390
45445
45499
45557
45623
45713
45820
45934
46058
46181
46297
46411
46521
46610
46681
46729
46754
46760
46765
46782
46815
46870
46943
47027
47108
47182
47252
47330
47416
47515
47625
47747
47868
47986
48110
48246
48379
48512
48644
48773
48895
49016
49143
49275
49402
49531
49655
49776
49899
50035
50172
50314
50455
50600
50732
50861
50992
51118
51235
51356
51475
51596
51722
51849
51979
52111
52232
52344
52451
52543
52613
52664
52697
52712
52716
52717
52720
52723
52729
52738
52751
52771
52810
52877
52967
53081
53216
53357
53491
53627
53760
53885
54008
54128
54241
54352
54467
54580
54697
54817
54938
55054
55176
55298
55417
55537
55655
55771
55879
55986
56092
56204
56311
56427
56544
56656
56759
56861
56958
57046
57131
57207
57260
57335
57429
57525
57622
57705
57774
57840
57906
57970
58040
58107
58172
58251
58342
58437
58556
58691
58825
58958
59102
59249
59401
59562
59726
59880
60016
60145
60245
60328
60412
60516
60625
60759
60906
61062
61209
61349
61494
61643
61792
61930
62055
62150
62224
62276
62327
62382
62449
62528
62629
62736
62845
62962
63076
63187
63304
63417
63505
63573
63615
63632
63637
63646
63664
63695
63749
63819
63900
63986
64076
64163
64257
64360
64470
64585
64711
64837
64958
65085
65218
65346
65478
65613
65746
65876
66009
66140
66271
66397
66527
66650
66775
66904
67045
67189
67339
67484
67633
67771
67901
68031
68162
68288
68421
68557
68692
68825
68954
69082
69211
69334
69454
69568
69669
69744
69798
69831
69847
69850
69851
69854
69859
69869
69884
69906
69939
69988
70062
70154
70269
70400
70540
70674
70812
70945
71071
71193
71312
71427
71544
71664
71783
71906
72030
72149
72267
72390
72509
72627
72750
72869
72984
73096
73204
73309
73422
73534
73653
73773
73889
73992
74086
74177
74263
74352
74434
74496
74571
74662
74749
74831
74903
74973
75040
75103
75166
75234
75296
75359
75440
75534
75634
75755
75891
76025
76156
76291
76431
76576
76730
76888
77044
77178
77299
77390
77457
77519
77604
77697
77817
77957
78106
78247
78386
78532
78680
78827
78964
79083
79167
79228
79269
79308
79358
79430
79523
79644
79774
79902
80028
80149
80255
80370
80479
80564
80625
80668
80683
80694
80710
80736
80775
80836
80908
80994
81089
81193
81294
81405
81521
81642
81761
81889
82012
82134
82263
82397
82530
82666
82804
82938
83071
83204
83337
83469
83593
83720
83839
83966
84098
84244
84392
84544
84683
84824
84952
85075
85201
85336
85465
85599
85736
85872
86001
86131
86262
86389
86514
86641
86760
86869
86955
87016
87053
87073
87079
87084
87095
87108
87127
87155
87194
87238
87298
87383
87481
87602
87742
87889
88026
88167
88299
88421
88540
88661
88780
88899
89023
89149
89276
89402
89524
89648
89771
89894
90017
90143
90269
90394
90516
90634
90751
90869
90986
91105
91229
91351
91461
91562
91661
91750
91843
91929
91995
92074
92162
92243
92319
92385
92450
92516
92579
92640
92705
92766
92830
92915
93014
93121
93245
93387
93525
93658
93790
93927
94066
94213
94365
94516
94640
94743
94815
94859
94893
94957
95040
95150
95282
95427
95563
95695
95834
95978
96119
96250
96359
96432
96479
96505
96530
96573
96647
96747
96878
97019
97151
97276
97397
97507
97622
97734
97822
97883
97923
97937
97949
97970
98004
98052
98124
98209
98307
98417
98541
98669
98806
98947
99086
99217
99342
99465
99587
99718
99853
99993
100133
100275
100412
100549
100688
100825
100960
101086
101214
101335
101464
101597
101742
101889
102035
102169
102300
102420
102535
102652
102774
102896
103027
103162
103299
103434
103566
103692
103817
14
47
96
155
220
277
324
363
401
444
494
540
592
651
712
774
846
922
993
1065
1149
1242
1336
1434
1532
1630
1724
1809
1878
1937
1983
2023
2073
2136
2210
2291
2378
2461
2547
2637
2729
2818
2906
2986
3051
3100
3133
3161
3182
3203
3236
3287
3342
3410
3485
3559
3628
3696
3759
3809
3847
3871
3882
3883
3890
3907
3935
3976
4028
4079
4120
4161
4204
4250
4303
4371
4445
4517
4590
4667
4751
4832
4916
4994
5069
5136
5207
5282
5365
5450
5537
5619
5693
5763
5832
5900
5970
6047
6126
6209
6292
6373
6447
6514
6577
6637
6703
6776
6850
6926
7004
7075
7135
7196
7249
7295
7331
7359
7376
7386
7389
7390
7391
7393
7394
7396
7403
7418
7450
7500
7563
7638
7721
7802
7882
7964
8042
8116
8186
8250
8309
8368
8431
8495
8560
8630
8699
8768
8836
8906
8976
9045
9113
9179
9243
9308
9380
9448
9520
9591
9658
9715
9778
9840
9896
9943
9985
10003
10043
10107
10181
10264
10339
10405
10460
10514
10572
10640
10701
10769
10845
10924
11003
11098
11196
11292
11392
11506
11627
11750
11877
12005
12136
12264
12386
12488
12577
12653
12723
12801
12896
13003
13114
13231
13344
13462
13585
13711
13831
13947
14050
14134
14201
14249
14289
14320
14351
14395
14461
14537
14629
14727
14822
14915
15003
15081
15144
15192
15219
15230
15231
15239
15262
15301
15355
15421
15485
15534
15578
15625
15677
15740
15820
15914
16007
16102
16203
16314
16418
16524
16626
16725
16817
16915
17019
17127
17235
17344
17446
17542
17638
17738
17837
17938
18043
18154
18264
18372
18482
18586
18677
18764
18851
18943
19041
19142
19247
19351
19445
19528
19610
19681
19742
19789
19824
19844
19854
19857
19858
19859
19862
19864
19867
19876
19899
19946
20019
20111
20217
20328
20435
20539
20644
20747
20847
20940
21029
21114
21199
21289
21382
21473
21568
21662
21758
21853
21950
22045
22137
22225
22311
22395
22479
22573
22662
22754
22847
22940
23022
23114
23205
23287
23355
23415
23447
23504
23590
23686
23787
23874
23950
24013
24074
24140
24216
24286
24361
24447
24543
24645
24766
24898
25029
25159
25300
25449
25598
25753
25912
26073
26225
26371
26491
26594
26686
26779
26879
27001
27138
27280
27427
27568
27712
27860
28012
28155
28292
28412
28513
28591
28650
28705
28756
28808
28878
28973
29074
29191
29311
29429
29544
29655
29751
29829
29885
29915
29926
29930
29943
29971
30023
30092
30173
30251
30316
30373
30437
30506
30590
30693
30812
30928
31048
31174
31312
31445
31582
31713
31841
31961
32083
32211
32344
32474
32605
32728
32845
32963
33089
33215
33346
33480
33619
33753
33883
34013
34140
34257
34374
34493
34614
34736
34860
34989
35118
35239
35350
35457
35547
35620
35675
35714
35735
35745
35748
35749
35750
35754
35758
35764
35778
35808
35867
35957
36068
36199
36339
36472
36602
36734
36859
36980
37097
37209
37317
37426
37539
37655
37768
37887
38007
38128
38247
38369
38487
38602
38714
38821
38923
39026
39138
39246
39361
39481
39601
39710
39825
39937
40039
40129
40208
40250
40318
40411
40511
40614
40703
40773
40833
40895
40958
41031
41103
41176
41260
41355
41452
41574
41711
41848
41982
42127
42278
42428
42586
42749
42911
43056
43201
43316
43413
43503
43603
43708
43837
43978
44125
44270
44406
44546
44697
44852
44995
45129
45241
45327
45390
45445
45499
45557
45623
45713
45820
45934
46058
46181
46297
46411
46521
46610
46681
46729
46754
46760
46765
46782
46815
46870
46943
47027
47108
47182
47252
47330
47416
47515
47625
47747
47868
47986
48110
48246
48379
48512
48644
48773
48895
49016
49143
49275
49402
49531
49655
49776
49899
50035
50172
50314
50455
50600
50732
50861
50992
51118
51235
51356
51475
51596
51722
51849
51979
52111
52232
52344
52451
52543
52613
52664
52697
52712
52716
52717
52720
52723
52729
52738
52751
52771
52810
52877
52967
53081
53216
53357
53491
53627
53760
53885
54008
54128
54241
54352
54467
54580
54697
54817
54938
55054
55176
55298
55417
55537
55655
55771
55879
55986
56092
56204
56311
56427
56544
56656
56759
56861
56958
57046
57131
57207
57260
57335
57429
57525
57622
57705
57774
57840
57906
57970
58040
58107
58172
58251
58342
58437
58556
58691
58825
58958
59102
59249
59401
59562
59726
59880
60016
60145
60245
60328
60412
60516
60625
60759
60906
61062
61209
61349
61494
61643
61792
61930
62055
62150
62224
62276
62327
62382
62449
62528
62629
62736
62845
62962
63076
63187
63304
63417
63505
63573
63615
63632
63637
63646
63664
63695
63749
63819
63900
63986
64076
64163
64257
64360
64470
64585
64711
64837
64958
65085
65218
65346
65478
65613
65746
65876
66009
66140
66271
66397
66527
66650
66775
66904
67045
67189
67339
67484
67633
67771
67901
68031
68162
68288
68421
68557
68692
68825
68954
69082
69211
69334
69454
69568
69669
69744
69798
69831
69847
69850
69851
69854
69859
69869
69884
69906
69939
69988
70062
70154
70269
70400
70540
70674
70812
70945
71071
71193
71312
71427
71544
71664
71783
71906
72030
72149
72267
72390
72509
72627
72750
72869
72984
73096
73204
73309
73422
73534
73653
73773
73889
73992
74086
74177
74263
74352
74434
74496
74571
74662
74749
74831
74903
74973
75040
75103
75166
75234
75296
75359
75440
75534
75634
75755
75891
76025
76156
76291
76431
76576
76730
76888
77044
77178
77299
77390
77457
77519
77604
77697
77817
77957
78106
78247
78386
78532
78680
78827
78964
79083
79167
79228
79269
79308
79358
79430
79523
79644
79774
79902
80028
80149
80255
80370
80479
80564
80625
80668
80683
80694
80710
80736
80775
80836
80908
80994
81089
81193
81294
81405
81521
81642
81761
81889
82012
82134
82263
82397
82530
82666
82804
82938
83071
83204
83337
83469
83593
83720
83839
83966
84098
84244
84392
84544
84683
84824
84952
85075
85201
85336
85465
85599
85736
85872
86001
86131
86262
86389
86514
86641
86760
86869
86955
87016
87053
87073
87079
87084
87095
87108
87127
87155
87194
87238
87298
87383
87481
87602
87742
87889
88026
88167
88299
88421
88540
88661
88780
88899
89023
89149
89276
89402
89524
89648
89771
89894
90017
90143
90269
90394
90516
90634
90751
90869
90986
91105
91229
91351
91461
91562
91661
91750
91843
91929
91995
92074
92162
92243
92319
92385
92450
92516
92579
92640
92705
92766
92830
92915
93014
93121
93245
93387
93525
93658
93790
93927
94066
94213
94365
94516
94640
94743
94815
94859
94893
94957
95040
95150
95282
95427
95563
95695
95834
95978
96119
96250
96359
96432
96479
96505
96530
96573
96647
96747
96878
97019
97151
97276
97397
97507
97622
97734
97822
97883
97923
97937
97949
97970
98004
98052
98124
98209
98307
98417
98541
98669
98806
98947
99086
99217
99342
99465
99587
99718
99853
99993
100133
100275
100412
100549
100688
100825
100960
101086
101214
101335
101464
101597
101742
101889
102035
102169
102300
102420
102535
102652
102774
102896
103027
103162
103299
103434
103566
103692
103817
103940
104064
104184
104302
104398
104470
104520
104555
104574
104590
104615
104643
104675
104717
104772
104830
104900
104990
105086
105201
105336
105480
105612
105753
105881
105994
106106
106227
106340
106457
106577
106697
106815
106935
107052
107175
107294
107415
107538
107663
107788
107914
108038
108159
108283
108406
108529
108655
108782
108902
109010
109105
109194
109272
109358
109442
109511
109593
109679
109752
109822
109883
109948
110018
110092
110162
110236
110303
110378
110470
110573
110683
110812
110951
111085
111221
111356
111497
111642
111794
111945
112093
112211
112303
112364
112398
112424
112476
112554
112659
112787
112928
113060
113190
113327
113470
113608
113742
113853
113929
113974
114001
114026
114071
114149
114260
114404
114553
114691
114818
114943
115050
115163
115269
115353
115406
115442
115453
115465
115483
115516
115568
115639
115722
115822
115942
116075
116214
116362
116516
116660
116794
116923
117050
117171
117298
117424
117552
117680
117817
117947
118079
118216
118351
118478
118604
118734
118858
118988
119127
119274
119420
119568
119708
119837
119952
120069
120185
120304
120425
120558
120688
120824
120961
121097
121224
121350
121471
121591
121709
121831
121942
122033
122109
122173
122222
122262
122311
122361
122413
122473
122545
122614
122688
122777
122871
122984
123114
123256
123389
123527
123648
123758
123867
123987
124098
124215
124336
124456
124574
124697
124818
124944
125068
125188
125310
125432
125552
125672
125798
125923
126050
126180
126309
126435
126558
126674
126776
126867
126950
127019
127094
127171
127242
127326
127412
127479
127543
127593
127650
127715
127788
127859
127933
128004
128088
128185
128297
128421
128555
128693
128831
128967
129105
129249
129393
129542
129695
129846
129975
130085
130166
130220
130266
130330
130414
130524
130657
130796
130929
131062
131200
131341
131476
131608
131719
131797
131843
131875
131907
131960
132044
132164
132312
132462
132600
132725
132845
132948
133059
133159
133241
133292
133328
133336
133348
133367
133401
133452
133525
133609
133711
133829
133962
134098
134243
134393
134532
134661
134786
134911
135028
135155
135279
135405
135530
135665
135794
135928
136066
136200
136322
136442
136564
136681
136808
136950
137097
137243
137389
137525
137648
137757
137869
137979
138092
138208
138340
138465
138596
138726
138856
138974
139095
139214
139333
139449
139577
139699
139805
139904
139996
140072
140139
140213
140287
140361
140439
140522
140596
140664
140742
140828
140932
141052
141186
141316
141449
141569
141685
141802
141926
142041
142162
142284
142407
142530
142656
142781
142913
143038
143156
143277
143393
143505
143620
143746
143869
143999
144134
144267
144393
144523
144649
144763
144874
144977
145065
145153
145243
145312
145395
145480
145546
145609
145656
145707
145766
145833
145900
145980
146066
146165
146277
146404
146535
146665
146801
146932
147060
147188
147327
147460
147602
147748
147895
148023
148138
148227
148294
148359
148434
148530
148648
148782
148917
149052
149185
149318
149459
149590
149716
149820
149898
149942
149981
150019
150080
150174
150300
150450
150606
150749
150877
151001
151110
151218
151312
151387
151434
151464
151472
151484
151502
151535
151589
151663
151752
151863
151986
152116
152249
152389
152528
152662
152790
152918
153046
153170
153301
153429
153560
153686
153819
153946
154078
154209
154340
154463
154582
154703
154819
154944
155079
155222
155363
155503
155632
155749
155849
155950
156051
156160
156274
156405
156529
156658
156784
156912
157033
157155
157277
157396
157514
157643
157776
157898
158019
158136
158239
158331
158427
158520
158606
158692
158776
158845
158904
158970
159044
159136
159242
159357
159469
159583
159685
159790
159904
160029
160147
160273
160399
160524
160645
160767
160889
161015
161134
161251
161369
161480
161591
161705
161826
161947
162077
162211
162345
162474
162604
162730
162848
162970
163082
163181
163279
163382
163448
163535
163630
163715
163797
163858
163915
163975
164045
164118
164207
164305
164420
164545
164677
164816
164956
165098
165235
165376
165510
165649
165780
165918
166057
166191
166306
166411
166494
166559
166630
166714
166818
166942
167080
167219
167356
167488
167614
167747
167872
167990
168085
168164
168212
168257
168311
168392
168499
168633
168783
168932
169064
169184
169301
169413
169515
169605
169676
169721
169742
169750
169762
169782
169817
169875
169953
170047
170163
170294
170427
170563
170701
170834
170959
171079
171198
171322
171442
171569
171693
171820
171939
172065
172185
172312
172438
172569
172692
172809
172926
173040
173161
173294
173434
173575
173715
173843
173958
174059
174159
174262
174372
174487
174620
174746
174875
175003
175133
175252
175376
175495
175610
175724
175855
175991
176123
176261
176402
176527
176643
176760
176868
176966
177061
177144
177211
177272
177337
177412
177500
177595
177693
177788
177887
177985
178094
178215
178345
178464
178592
178718
178843
178966
179095
179218
179346
179465
179579
179691
179802
179912
180023
180144
180266
180394
180523
180659
180791
180922
181051
181177
181303
181415
181521
181621
181723
181785
181870
181966
182060
182150
182217
182275
182334
182399
182474
182569
182680
182809
182946
183088
183235
183380
183525
183669
183813
183951
184095
184233
184375
184516
184645
184753
184849
184923
184986
185063
185153
185259
185386
185527
185669
185809
185948
186081
186212
186334
186448
186540
186621
186683
186750
186831
186940
187067
187214
187373
187522
187652
187772
187886
187990
188084
188164
188225
188264
188281
188292
188309
188331
188368
188424
188495
188584
188703
188835
188971
189110
189248
189377
189500
189619
189744
189868
