(61.0,130.0,53.0 0.1111111111111111)
(61.0,131.0,59.625 0.125)
(61.0,132.0,68.14285714285714 0.14285714285714285)
(61.0,133.0,79.5 0.16666666666666666)
(61.0,134.0,95.4 0.2)
(61.0,135.0,119.25 0.25)
(61.0,136.0,159.0 0.3333333333333333)
(61.0,137.0,238.5 0.5)
(61.0,138.0,477.0 1.0)
(61.0,139.0,0.0 0.0)
(61.0,140.0,477.0 1.0)
(61.0,141.0,238.5 0.5)
(62.0,130.0,52.6758379377018 0.11043152607484653)
(62.0,131.0,59.164568399052435 0.12403473458920847)
(62.0,132.0,67.45798692519664 0.1414213562373095)
(62.0,133.0,78.41831694465543 0.1643989873053573)
(62.0,134.0,93.54739646091379 0.19611613513818404)
(62.0,135.0,115.68949314233083 0.24253562503633297)
(62.0,136.0,150.84064439003168 0.31622776601683794)
(62.0,137.0,213.3208850534799 0.4472135954999579)
(62.0,138.0,337.28993462598316 0.7071067811865475)
(62.0,139.0,477.0 1.0)
(62.0,140.0,337.28993462598316 0.7071067811865475)
(62.0,141.0,213.3208850534799 0.4472135954999579)
(63.0,130.0,51.737914189749496 0.10846522890932808)
(63.0,131.0,57.844746571165416 0.12126781251816648)
(63.0,132.0,65.52098900352466 0.13736056394868904)
(63.0,133.0,75.42032219501584 0.15811388300841897)
(63.0,134.0,88.57667631045375 0.18569533817705186)
(63.0,135.0,106.66044252673996 0.22360679774997896)
(63.0,136.0,132.29599679971716 0.2773500981126146)
(63.0,137.0,168.64496731299158 0.35355339059327373)
(63.0,138.0,213.3208850534799 0.4472135954999579)
(63.0,139.0,238.5 0.5)
(63.0,140.0,213.3208850534799 0.4472135954999579)
(63.0,141.0,168.64496731299158 0.35355339059327373)
(64.0,130.0,50.28021479667723 0.10540925533894598)
(64.0,131.0,55.82862721255428 0.11704114719613057)
(64.0,132.0,62.633168474087654 0.13130643285972254)
(64.0,133.0,71.10696168449331 0.14907119849998599)
(64.0,134.0,81.80482511297672 0.17149858514250882)
(64.0,135.0,95.4 0.2)
(64.0,136.0,112.42997820866107 0.23570226039551587)
(64.0,137.0,132.29599679971716 0.2773500981126146)
(64.0,138.0,150.84064439003168 0.31622776601683794)
(64.0,139.0,159.0 0.3333333333333333)
(64.0,140.0,150.84064439003168 0.31622776601683794)
(64.0,141.0,132.29599679971716 0.2773500981126146)
(65.0,130.0,48.43201207687363 0.10153461651336192)
(65.0,131.0,53.33022126336998 0.11180339887498948)
(65.0,132.0,59.164568399052435 0.12403473458920847)
(65.0,133.0,66.14799839985858 0.1386750490563073)
(65.0,134.0,74.49488442086509 0.15617376188860607)
(65.0,135.0,84.32248365649579 0.17677669529663687)
(65.0,136.0,95.4 0.2)
(65.0,137.0,106.66044252673996 0.22360679774997896)
(65.0,138.0,115.68949314233083 0.24253562503633297)
(65.0,139.0,119.25 0.25)
(65.0,140.0,115.68949314233083 0.24253562503633297)
(65.0,141.0,106.66044252673996 0.22360679774997896)
(66.0,131.0,50.561898876303374 0.105999788000636)
(66.0,132.0,55.450123680801795 0.11624763874381928)
(66.0,133.0,61.073591727991385 0.12803687993289598)
(66.0,134.0,67.45798692519664 0.1414213562373095)
(66.0,135.0,74.49488442086509 0.15617376188860607)
(66.0,136.0,81.80482511297672 0.17149858514250882)
(66.0,137.0,88.57667631045375 0.18569533817705186)
(66.0,138.0,93.54739646091379 0.19611613513818404)
(66.0,139.0,95.4 0.2)
(66.0,140.0,93.54739646091379 0.19611613513818404)
(66.0,141.0,88.57667631045375 0.18569533817705186)
(67.0,132.0,51.737914189749496 0.10846522890932808)
(67.0,133.0,56.214989104330535 0.11785113019775793)
(67.0,134.0,61.073591727991385 0.12803687993289598)
(67.0,135.0,66.14799839985858 0.1386750490563073)
(67.0,136.0,71.10696168449331 0.14907119849998599)
(67.0,137.0,75.42032219501584 0.15811388300841897)
(67.0,138.0,78.41831694465543 0.1643989873053573)
(67.0,139.0,79.5 0.16666666666666666)
(67.0,140.0,78.41831694465543 0.1643989873053573)
(67.0,141.0,75.42032219501584 0.15811388300841897)
(68.0,132.0,48.184276375140456 0.10101525445522107)
(68.0,133.0,51.737914189749496 0.10846522890932808)
(68.0,134.0,55.450123680801795 0.11624763874381928)
(68.0,135.0,59.164568399052435 0.12403473458920847)
(68.0,136.0,62.633168474087654 0.13130643285972254)
(68.0,137.0,65.52098900352466 0.13736056394868904)
(68.0,138.0,67.45798692519664 0.1414213562373095)
(68.0,139.0,68.14285714285714 0.14285714285714285)
(68.0,140.0,67.45798692519664 0.1414213562373095)
(68.0,141.0,65.52098900352466 0.13736056394868904)
(69.0,134.0,50.561898876303374 0.105999788000636)
(69.0,135.0,53.33022126336998 0.11180339887498948)
(69.0,136.0,55.82862721255428 0.11704114719613057)
(69.0,137.0,57.844746571165416 0.12126781251816648)
(69.0,138.0,59.164568399052435 0.12403473458920847)
(69.0,139.0,59.625 0.125)
(69.0,140.0,59.164568399052435 0.12403473458920847)
(69.0,141.0,57.844746571165416 0.12126781251816648)
(70.0,135.0,48.43201207687363 0.10153461651336192)
(70.0,136.0,50.28021479667723 0.10540925533894598)
(70.0,137.0,51.737914189749496 0.10846522890932808)
(70.0,138.0,52.6758379377018 0.11043152607484653)
(70.0,139.0,53.0 0.1111111111111111)
(70.0,140.0,52.6758379377018 0.11043152607484653)
(70.0,141.0,51.737914189749496 0.10846522890932808)
(61.0,130.0,11.222222222222221 0.1111111111111111)
(61.0,131.0,12.625 0.125)
(61.0,132.0,14.428571428571429 0.14285714285714285)
(61.0,133.0,16.833333333333332 0.16666666666666666)
(61.0,134.0,20.2 0.2)
(61.0,135.0,25.25 0.25)
(61.0,136.0,33.666666666666664 0.3333333333333333)
(61.0,137.0,50.5 0.5)
(61.0,138.0,101.0 1.0)
(61.0,139.0,0.0 0.0)
(61.0,140.0,101.0 1.0)
(61.0,141.0,50.5 0.5)
(62.0,130.0,11.1535841335595 0.11043152607484653)
(62.0,131.0,12.527508193510055 0.12403473458920847)
(62.0,132.0,14.28355697996826 0.1414213562373095)
(62.0,133.0,16.60429771784109 0.1643989873053573)
(62.0,134.0,19.807729648956588 0.19611613513818404)
(62.0,135.0,24.49609812866963 0.24253562503633297)
(62.0,136.0,31.93900436770063 0.31622776601683794)
(62.0,137.0,45.16857314549575 0.4472135954999579)
(62.0,138.0,71.4177848998413 0.7071067811865475)
(62.0,139.0,101.0 1.0)
(62.0,140.0,71.4177848998413 0.7071067811865475)
(62.0,141.0,45.16857314549575 0.4472135954999579)
(63.0,130.0,10.954988119842136 0.10846522890932808)
(63.0,131.0,12.248049064334815 0.12126781251816648)
(63.0,132.0,13.873416958817591 0.13736056394868904)
(63.0,133.0,15.969502183850315 0.15811388300841897)
(63.0,134.0,18.75522915588224 0.18569533817705186)
(63.0,135.0,22.584286572747875 0.22360679774997896)
(63.0,136.0,28.012359909374073 0.2773500981126146)
(63.0,137.0,35.70889244992065 0.35355339059327373)
(63.0,138.0,45.16857314549575 0.4472135954999579)
(63.0,139.0,50.5 0.5)
(63.0,140.0,45.16857314549575 0.4472135954999579)
(63.0,141.0,35.70889244992065 0.35355339059327373)
(64.0,130.0,10.646334789233544 0.10540925533894598)
(64.0,131.0,11.821155866809187 0.11704114719613057)
(64.0,132.0,13.261949718831978 0.13130643285972254)
(64.0,133.0,15.056191048498583 0.14907119849998599)
(64.0,134.0,17.321357099393392 0.17149858514250882)
(64.0,135.0,20.2 0.2)
(64.0,136.0,23.8059282999471 0.23570226039551587)
(64.0,137.0,28.012359909374073 0.2773500981126146)
(64.0,138.0,31.93900436770063 0.31622776601683794)
(64.0,139.0,33.666666666666664 0.3333333333333333)
(64.0,140.0,31.93900436770063 0.31622776601683794)
(64.0,141.0,28.012359909374073 0.2773500981126146)
(65.0,130.0,10.254996267849553 0.10153461651336192)
(65.0,131.0,11.292143286373937 0.11180339887498948)
(65.0,132.0,12.527508193510055 0.12403473458920847)
(65.0,133.0,14.006179954687036 0.1386750490563073)
(65.0,134.0,15.773549950749214 0.15617376188860607)
(65.0,135.0,17.854446224960324 0.17677669529663687)
(65.0,136.0,20.2 0.2)
(65.0,137.0,22.584286572747875 0.22360679774997896)
(65.0,138.0,24.49609812866963 0.24253562503633297)
(65.0,139.0,25.25 0.25)
(65.0,140.0,24.49609812866963 0.24253562503633297)
(65.0,141.0,22.584286572747875 0.22360679774997896)
(66.0,131.0,10.705978588064237 0.105999788000636)
(66.0,132.0,11.741011513125747 0.11624763874381928)
(66.0,133.0,12.931724873222494 0.12803687993289598)
(66.0,134.0,14.28355697996826 0.1414213562373095)
(66.0,135.0,15.773549950749214 0.15617376188860607)
(66.0,136.0,17.321357099393392 0.17149858514250882)
(66.0,137.0,18.75522915588224 0.18569533817705186)
(66.0,138.0,19.807729648956588 0.19611613513818404)
(66.0,139.0,20.2 0.2)
(66.0,140.0,19.807729648956588 0.19611613513818404)
(66.0,141.0,18.75522915588224 0.18569533817705186)
(67.0,132.0,10.954988119842136 0.10846522890932808)
(67.0,133.0,11.90296414997355 0.11785113019775793)
(67.0,134.0,12.931724873222494 0.12803687993289598)
(67.0,135.0,14.006179954687036 0.1386750490563073)
(67.0,136.0,15.056191048498583 0.14907119849998599)
(67.0,137.0,15.969502183850315 0.15811388300841897)
(67.0,138.0,16.60429771784109 0.1643989873053573)
(67.0,139.0,16.833333333333332 0.16666666666666666)
(67.0,140.0,16.60429771784109 0.1643989873053573)
(67.0,141.0,15.969502183850315 0.15811388300841897)
(68.0,132.0,10.202540699977328 0.10101525445522107)
(68.0,133.0,10.954988119842136 0.10846522890932808)
(68.0,134.0,11.741011513125747 0.11624763874381928)
(68.0,135.0,12.527508193510055 0.12403473458920847)
(68.0,136.0,13.261949718831978 0.13130643285972254)
(68.0,137.0,13.873416958817591 0.13736056394868904)
(68.0,138.0,14.28355697996826 0.1414213562373095)
(68.0,139.0,14.428571428571429 0.14285714285714285)
(68.0,140.0,14.28355697996826 0.1414213562373095)
(68.0,141.0,13.873416958817591 0.13736056394868904)
(69.0,134.0,10.705978588064237 0.105999788000636)
(69.0,135.0,11.292143286373937 0.11180339887498948)
(69.0,136.0,11.821155866809187 0.11704114719613057)
(69.0,137.0,12.248049064334815 0.12126781251816648)
(69.0,138.0,12.527508193510055 0.12403473458920847)
(69.0,139.0,12.625 0.125)
(69.0,140.0,12.527508193510055 0.12403473458920847)
(69.0,141.0,12.248049064334815 0.12126781251816648)
(70.0,135.0,10.254996267849553 0.10153461651336192)
(70.0,136.0,10.646334789233544 0.10540925533894598)
(70.0,137.0,10.954988119842136 0.10846522890932808)
(70.0,138.0,11.1535841335595 0.11043152607484653)
(70.0,139.0,11.222222222222221 0.1111111111111111)
(70.0,140.0,11.1535841335595 0.11043152607484653)
(70.0,141.0,10.954988119842136 0.10846522890932808)
(61.0,131.0,75.49179932089235 0.10846522890932808)
(61.0,132.0,84.40239751264387 0.12126781251816648)
(61.0,133.0,95.60295250828756 0.13736056394868904)
(61.0,134.0,110.0472625738596 0.15811388300841897)
(61.0,135.0,129.2439553712281 0.18569533817705186)
(61.0,136.0,155.63033123398534 0.22360679774997896)
(61.0,137.0,193.03566828637975 0.2773500981126146)
(61.0,138.0,246.0731598529185 0.35355339059327373)
(61.0,139.0,311.2606624679707 0.4472135954999579)
(61.0,140.0,348.0 0.5)
(61.0,141.0,311.2606624679707 0.4472135954999579)
(62.0,131.0,76.8603421480932 0.11043152607484653)
(62.0,132.0,86.32817527408909 0.12403473458920847)
(62.0,133.0,98.4292639411674 0.1414213562373095)
(62.0,134.0,114.42169516452869 0.1643989873053573)
(62.0,135.0,136.4968300561761 0.19611613513818404)
(62.0,136.0,168.80479502528775 0.24253562503633297)
(62.0,137.0,220.0945251477192 0.31622776601683794)
(62.0,138.0,311.2606624679707 0.4472135954999579)
(62.0,139.0,492.146319705837 0.7071067811865475)
(62.0,140.0,696.0 1.0)
(62.0,141.0,492.146319705837 0.7071067811865475)
(63.0,131.0,77.33333333333333 0.1111111111111111)
(63.0,132.0,87.0 0.125)
(63.0,133.0,99.42857142857143 0.14285714285714285)
(63.0,134.0,116.0 0.16666666666666666)
(63.0,135.0,139.2 0.2)
(63.0,136.0,174.0 0.25)
(63.0,137.0,232.0 0.3333333333333333)
(63.0,138.0,348.0 0.5)
(63.0,139.0,696.0 1.0)
(63.0,140.0,0.0 0.0)
(63.0,141.0,696.0 1.0)
(64.0,131.0,76.8603421480932 0.11043152607484653)
(64.0,132.0,86.32817527408909 0.12403473458920847)
(64.0,133.0,98.4292639411674 0.1414213562373095)
(64.0,134.0,114.42169516452869 0.1643989873053573)
(64.0,135.0,136.4968300561761 0.19611613513818404)
(64.0,136.0,168.80479502528775 0.24253562503633297)
(64.0,137.0,220.0945251477192 0.31622776601683794)
(64.0,138.0,311.2606624679707 0.4472135954999579)
(64.0,139.0,492.146319705837 0.7071067811865475)
(64.0,140.0,696.0 1.0)
(64.0,141.0,492.146319705837 0.7071067811865475)
(65.0,131.0,75.49179932089235 0.10846522890932808)
(65.0,132.0,84.40239751264387 0.12126781251816648)
(65.0,133.0,95.60295250828756 0.13736056394868904)
(65.0,134.0,110.0472625738596 0.15811388300841897)
(65.0,135.0,129.2439553712281 0.18569533817705186)
(65.0,136.0,155.63033123398534 0.22360679774997896)
(65.0,137.0,193.03566828637975 0.2773500981126146)
(65.0,138.0,246.0731598529185 0.35355339059327373)
(65.0,139.0,311.2606624679707 0.4472135954999579)
(65.0,140.0,348.0 0.5)
(65.0,141.0,311.2606624679707 0.4472135954999579)
(66.0,131.0,73.3648417159064 0.10540925533894598)
(66.0,132.0,81.46063844850688 0.11704114719613057)
(66.0,133.0,91.38927727036689 0.13130643285972254)
(66.0,134.0,103.75355415599023 0.14907119849998599)
(66.0,135.0,119.36301525918614 0.17149858514250882)
(66.0,136.0,139.2 0.2)
(66.0,137.0,164.04877323527904 0.23570226039551587)
(66.0,138.0,193.03566828637975 0.2773500981126146)
(66.0,139.0,220.0945251477192 0.31622776601683794)
(66.0,140.0,232.0 0.3333333333333333)
(66.0,141.0,220.0945251477192 0.31622776601683794)
(67.0,131.0,70.66809309329989 0.10153461651336192)
(67.0,132.0,77.81516561699267 0.11180339887498948)
(67.0,133.0,86.32817527408909 0.12403473458920847)
(67.0,134.0,96.51783414318987 0.1386750490563073)
(67.0,135.0,108.69693827446983 0.15617376188860607)
(67.0,136.0,123.03657992645925 0.17677669529663687)
(67.0,137.0,139.2 0.2)
(67.0,138.0,155.63033123398534 0.22360679774997896)
(67.0,139.0,168.80479502528775 0.24253562503633297)
(67.0,140.0,174.0 0.25)
(67.0,141.0,168.80479502528775 0.24253562503633297)
(68.0,132.0,73.77585244844266 0.105999788000636)
(68.0,133.0,80.90835656569823 0.11624763874381928)
(68.0,134.0,89.1136684332956 0.12803687993289598)
(68.0,135.0,98.4292639411674 0.1414213562373095)
(68.0,136.0,108.69693827446983 0.15617376188860607)
(68.0,137.0,119.36301525918614 0.17149858514250882)
(68.0,138.0,129.2439553712281 0.18569533817705186)
(68.0,139.0,136.4968300561761 0.19611613513818404)
(68.0,140.0,139.2 0.2)
(68.0,141.0,136.4968300561761 0.19611613513818404)
(69.0,133.0,75.49179932089235 0.10846522890932808)
(69.0,134.0,82.02438661763952 0.11785113019775793)
(69.0,135.0,89.1136684332956 0.12803687993289598)
(69.0,136.0,96.51783414318987 0.1386750490563073)
(69.0,137.0,103.75355415599023 0.14907119849998599)
(69.0,138.0,110.0472625738596 0.15811388300841897)
(69.0,139.0,114.42169516452869 0.1643989873053573)
(69.0,140.0,116.0 0.16666666666666666)
(69.0,141.0,114.42169516452869 0.1643989873053573)
(70.0,133.0,70.30661710083386 0.10101525445522107)
(70.0,134.0,75.49179932089235 0.10846522890932808)
(70.0,135.0,80.90835656569823 0.11624763874381928)
(70.0,136.0,86.32817527408909 0.12403473458920847)
(70.0,137.0,91.38927727036689 0.13130643285972254)
(70.0,138.0,95.60295250828756 0.13736056394868904)
(70.0,139.0,98.4292639411674 0.1414213562373095)
(70.0,140.0,99.42857142857143 0.14285714285714285)
(70.0,141.0,98.4292639411674 0.1414213562373095)
(71.0,135.0,73.77585244844266 0.105999788000636)
(71.0,136.0,77.81516561699267 0.11180339887498948)
(71.0,137.0,81.46063844850688 0.11704114719613057)
(71.0,138.0,84.40239751264387 0.12126781251816648)
(71.0,139.0,86.32817527408909 0.12403473458920847)
(71.0,140.0,87.0 0.125)
(71.0,141.0,86.32817527408909 0.12403473458920847)
(72.0,136.0,70.66809309329989 0.10153461651336192)
(72.0,137.0,73.3648417159064 0.10540925533894598)
(72.0,138.0,75.49179932089235 0.10846522890932808)
(72.0,139.0,76.8603421480932 0.11043152607484653)
(72.0,140.0,77.33333333333333 0.1111111111111111)
(72.0,141.0,76.8603421480932 0.11043152607484653)
(61.0,128.0,71.78370288582221 0.31622776601683794)
(61.0,129.0,75.66666666666667 0.3333333333333333)
(61.0,130.0,71.78370288582221 0.31622776601683794)
(61.0,131.0,62.95847227156351 0.2773500981126146)
(61.0,132.0,53.5044131097821 0.23570226039551587)
(61.0,133.0,45.4 0.2)
(61.0,134.0,38.93017882734951 0.17149858514250882)
(61.0,135.0,33.839162059496815 0.14907119849998599)
(61.0,136.0,29.80656025915702 0.13130643285972254)
(61.0,137.0,26.56834041352164 0.11704114719613057)
(61.0,138.0,23.927900961940736 0.10540925533894598)
(62.0,128.0,101.51748617849044 0.4472135954999579)
(62.0,129.0,113.5 0.5)
(62.0,130.0,101.51748617849044 0.4472135954999579)
(62.0,131.0,80.25661966467314 0.35355339059327373)
(62.0,132.0,62.95847227156351 0.2773500981126146)
(62.0,133.0,50.75874308924522 0.22360679774997896)
(62.0,134.0,42.152841766190775 0.18569533817705186)
(62.0,135.0,35.891851442911104 0.15811388300841897)
(62.0,136.0,31.18084801635241 0.13736056394868904)
(62.0,137.0,27.527793441623793 0.12126781251816648)
(62.0,138.0,24.621606962417477 0.10846522890932808)
(63.0,128.0,160.51323932934628 0.7071067811865475)
(63.0,129.0,227.0 1.0)
(63.0,130.0,160.51323932934628 0.7071067811865475)
(63.0,131.0,101.51748617849044 0.4472135954999579)
(63.0,132.0,71.78370288582221 0.31622776601683794)
(63.0,133.0,55.055586883247585 0.24253562503633297)
(63.0,134.0,44.51836267636778 0.19611613513818404)
(63.0,135.0,37.31857011831611 0.1643989873053573)
(63.0,136.0,32.10264786586926 0.1414213562373095)
(63.0,137.0,28.15588475175032 0.12403473458920847)
(63.0,138.0,25.067956418990164 0.11043152607484653)
(64.0,128.0,227.0 1.0)
(64.0,129.0,0.0 0.0)
(64.0,130.0,227.0 1.0)
(64.0,131.0,113.5 0.5)
(64.0,132.0,75.66666666666667 0.3333333333333333)
(64.0,133.0,56.75 0.25)
(64.0,134.0,45.4 0.2)
(64.0,135.0,37.833333333333336 0.16666666666666666)
(64.0,136.0,32.42857142857143 0.14285714285714285)
(64.0,137.0,28.375 0.125)
(64.0,138.0,25.22222222222222 0.1111111111111111)
(65.0,128.0,160.51323932934628 0.7071067811865475)
(65.0,129.0,227.0 1.0)
(65.0,130.0,160.51323932934628 0.7071067811865475)
(65.0,131.0,101.51748617849044 0.4472135954999579)
(65.0,132.0,71.78370288582221 0.31622776601683794)
(65.0,133.0,55.055586883247585 0.24253562503633297)
(65.0,134.0,44.51836267636778 0.19611613513818404)
(65.0,135.0,37.31857011831611 0.1643989873053573)
(65.0,136.0,32.10264786586926 0.1414213562373095)
(65.0,137.0,28.15588475175032 0.12403473458920847)
(65.0,138.0,25.067956418990164 0.11043152607484653)
(66.0,128.0,101.51748617849044 0.4472135954999579)
(66.0,129.0,113.5 0.5)
(66.0,130.0,101.51748617849044 0.4472135954999579)
(66.0,131.0,80.25661966467314 0.35355339059327373)
(66.0,132.0,62.95847227156351 0.2773500981126146)
(66.0,133.0,50.75874308924522 0.22360679774997896)
(66.0,134.0,42.152841766190775 0.18569533817705186)
(66.0,135.0,35.891851442911104 0.15811388300841897)
(66.0,136.0,31.18084801635241 0.13736056394868904)
(66.0,137.0,27.527793441623793 0.12126781251816648)
(66.0,138.0,24.621606962417477 0.10846522890932808)
(67.0,128.0,71.78370288582221 0.31622776601683794)
(67.0,129.0,75.66666666666667 0.3333333333333333)
(67.0,130.0,71.78370288582221 0.31622776601683794)
(67.0,131.0,62.95847227156351 0.2773500981126146)
(67.0,132.0,53.5044131097821 0.23570226039551587)
(67.0,133.0,45.4 0.2)
(67.0,134.0,38.93017882734951 0.17149858514250882)
(67.0,135.0,33.839162059496815 0.14907119849998599)
(67.0,136.0,29.80656025915702 0.13130643285972254)
(67.0,137.0,26.56834041352164 0.11704114719613057)
(67.0,138.0,23.927900961940736 0.10540925533894598)
(68.0,128.0,55.055586883247585 0.24253562503633297)
(68.0,129.0,56.75 0.25)
(68.0,130.0,55.055586883247585 0.24253562503633297)
(68.0,131.0,50.75874308924522 0.22360679774997896)
(68.0,132.0,45.4 0.2)
(68.0,133.0,40.12830983233657 0.17677669529663687)
(68.0,134.0,35.451443948713575 0.15617376188860607)
(68.0,135.0,31.479236135781754 0.1386750490563073)
(68.0,136.0,28.15588475175032 0.12403473458920847)
(68.0,137.0,25.37937154462261 0.11180339887498948)
(68.0,138.0,23.048357948533155 0.10153461651336192)
(69.0,128.0,44.51836267636778 0.19611613513818404)
(69.0,129.0,45.4 0.2)
(69.0,130.0,44.51836267636778 0.19611613513818404)
(69.0,131.0,42.152841766190775 0.18569533817705186)
(69.0,132.0,38.93017882734951 0.17149858514250882)
(69.0,133.0,35.451443948713575 0.15617376188860607)
(69.0,134.0,32.10264786586926 0.1414213562373095)
(69.0,135.0,29.06437174476739 0.12803687993289598)
(69.0,136.0,26.38821399484698 0.11624763874381928)
(69.0,137.0,24.061951876144374 0.105999788000636)
(70.0,128.0,37.31857011831611 0.1643989873053573)
(70.0,129.0,37.833333333333336 0.16666666666666666)
(70.0,130.0,37.31857011831611 0.1643989873053573)
(70.0,131.0,35.891851442911104 0.15811388300841897)
(70.0,132.0,33.839162059496815 0.14907119849998599)
(70.0,133.0,31.479236135781754 0.1386750490563073)
(70.0,134.0,29.06437174476739 0.12803687993289598)
(70.0,135.0,26.75220655489105 0.11785113019775793)
(70.0,136.0,24.621606962417477 0.10846522890932808)
(71.0,128.0,32.10264786586926 0.1414213562373095)
(71.0,129.0,32.42857142857143 0.14285714285714285)
(71.0,130.0,32.10264786586926 0.1414213562373095)
(71.0,131.0,31.18084801635241 0.13736056394868904)
(71.0,132.0,29.80656025915702 0.13130643285972254)
(71.0,133.0,28.15588475175032 0.12403473458920847)
(71.0,134.0,26.38821399484698 0.11624763874381928)
(71.0,135.0,24.621606962417477 0.10846522890932808)
(71.0,136.0,22.930462761335185 0.10101525445522107)
(72.0,128.0,28.15588475175032 0.12403473458920847)
(72.0,129.0,28.375 0.125)
(72.0,130.0,28.15588475175032 0.12403473458920847)
(72.0,131.0,27.527793441623793 0.12126781251816648)
(72.0,132.0,26.56834041352164 0.11704114719613057)
(72.0,133.0,25.37937154462261 0.11180339887498948)
(72.0,134.0,24.061951876144374 0.105999788000636)
(73.0,128.0,25.067956418990164 0.11043152607484653)
(73.0,129.0,25.22222222222222 0.1111111111111111)
(73.0,130.0,25.067956418990164 0.11043152607484653)
(73.0,131.0,24.621606962417477 0.10846522890932808)
(73.0,132.0,23.927900961940736 0.10540925533894598)
(73.0,133.0,23.048357948533155 0.10153461651336192)
(61.0,128.0,92.28571428571429 0.14285714285714285)
(61.0,129.0,91.35819612930193 0.1414213562373095)
(61.0,130.0,88.73492431085312 0.13736056394868904)
(61.0,131.0,84.82395562738077 0.13130643285972254)
(61.0,132.0,80.12643854462867 0.12403473458920847)
(61.0,133.0,75.09597462850725 0.11624763874381928)
(61.0,134.0,70.06853787542595 0.10846522890932808)
(61.0,135.0,65.25585437807281 0.10101525445522107)
(62.0,128.0,107.66666666666667 0.16666666666666666)
(62.0,129.0,106.20174579926082 0.1643989873053573)
(62.0,130.0,102.14156842343864 0.15811388300841897)
(62.0,131.0,96.29999423099093 0.14907119849998599)
(62.0,132.0,89.5840816903745 0.1386750490563073)
(62.0,133.0,82.7118244366508 0.12803687993289598)
(62.0,134.0,76.13183010775163 0.11785113019775793)
(62.0,135.0,70.06853787542595 0.10846522890932808)
(63.0,128.0,129.2 0.2)
(63.0,129.0,126.69102329926689 0.19611613513818404)
(63.0,130.0,119.95918846237551 0.18569533817705186)
(63.0,131.0,110.78808600206071 0.17149858514250882)
(63.0,132.0,100.88825018003952 0.15617376188860607)
(63.0,133.0,91.35819612930193 0.1414213562373095)
(63.0,134.0,82.7118244366508 0.12803687993289598)
(63.0,135.0,75.09597462850725 0.11624763874381928)
(63.0,136.0,68.47586304841086 0.105999788000636)
(64.0,128.0,161.5 0.25)
(64.0,129.0,156.6780137734711 0.24253562503633297)
(64.0,130.0,144.4499913464864 0.22360679774997896)
(64.0,131.0,129.2 0.2)
(64.0,132.0,114.19774516162742 0.17677669529663687)
(64.0,133.0,100.88825018003952 0.15617376188860607)
(64.0,134.0,89.5840816903745 0.1386750490563073)
(64.0,135.0,80.12643854462867 0.12403473458920847)
(64.0,136.0,72.2249956732432 0.11180339887498948)
(64.0,137.0,65.5913622676318 0.10153461651336192)
(65.0,128.0,215.33333333333334 0.3333333333333333)
(65.0,129.0,204.28313684687728 0.31622776601683794)
(65.0,130.0,179.168163380749 0.2773500981126146)
(65.0,131.0,152.26366021550325 0.23570226039551587)
(65.0,132.0,129.2 0.2)
(65.0,133.0,110.78808600206071 0.17149858514250882)
(65.0,134.0,96.29999423099093 0.14907119849998599)
(65.0,135.0,84.82395562738077 0.13130643285972254)
(65.0,136.0,75.60858108870035 0.11704114719613057)
(65.0,137.0,68.0943789489591 0.10540925533894598)
(66.0,128.0,323.0 0.5)
(66.0,129.0,288.8999826929728 0.4472135954999579)
(66.0,130.0,228.39549032325485 0.35355339059327373)
(66.0,131.0,179.168163380749 0.2773500981126146)
(66.0,132.0,144.4499913464864 0.22360679774997896)
(66.0,133.0,119.95918846237551 0.18569533817705186)
(66.0,134.0,102.14156842343864 0.15811388300841897)
(66.0,135.0,88.73492431085312 0.13736056394868904)
(66.0,136.0,78.33900688673555 0.12126781251816648)
(66.0,137.0,70.06853787542595 0.10846522890932808)
(67.0,128.0,646.0 1.0)
(67.0,129.0,456.7909806465097 0.7071067811865475)
(67.0,130.0,288.8999826929728 0.4472135954999579)
(67.0,131.0,204.28313684687728 0.31622776601683794)
(67.0,132.0,156.6780137734711 0.24253562503633297)
(67.0,133.0,126.69102329926689 0.19611613513818404)
(67.0,134.0,106.20174579926082 0.1643989873053573)
(67.0,135.0,91.35819612930193 0.1414213562373095)
(67.0,136.0,80.12643854462867 0.12403473458920847)
(67.0,137.0,71.33876584435086 0.11043152607484653)
(68.0,128.0,0.0 0.0)
(68.0,129.0,646.0 1.0)
(68.0,130.0,323.0 0.5)
(68.0,131.0,215.33333333333334 0.3333333333333333)
(68.0,132.0,161.5 0.25)
(68.0,133.0,129.2 0.2)
(68.0,134.0,107.66666666666667 0.16666666666666666)
(68.0,135.0,92.28571428571429 0.14285714285714285)
(68.0,136.0,80.75 0.125)
(68.0,137.0,71.77777777777777 0.1111111111111111)
(69.0,128.0,646.0 1.0)
(69.0,129.0,456.7909806465097 0.7071067811865475)
(69.0,130.0,288.8999826929728 0.4472135954999579)
(69.0,131.0,204.28313684687728 0.31622776601683794)
(69.0,132.0,156.6780137734711 0.24253562503633297)
(69.0,133.0,126.69102329926689 0.19611613513818404)
(69.0,134.0,106.20174579926082 0.1643989873053573)
(69.0,135.0,91.35819612930193 0.1414213562373095)
(69.0,136.0,80.12643854462867 0.12403473458920847)
(69.0,137.0,71.33876584435086 0.11043152607484653)
(70.0,128.0,323.0 0.5)
(70.0,129.0,288.8999826929728 0.4472135954999579)
(70.0,130.0,228.39549032325485 0.35355339059327373)
(70.0,131.0,179.168163380749 0.2773500981126146)
(70.0,132.0,144.4499913464864 0.22360679774997896)
(70.0,133.0,119.95918846237551 0.18569533817705186)
(70.0,134.0,102.14156842343864 0.15811388300841897)
(70.0,135.0,88.73492431085312 0.13736056394868904)
(70.0,136.0,78.33900688673555 0.12126781251816648)
(70.0,137.0,70.06853787542595 0.10846522890932808)
(71.0,128.0,215.33333333333334 0.3333333333333333)
(71.0,129.0,204.28313684687728 0.31622776601683794)
(71.0,130.0,179.168163380749 0.2773500981126146)
(71.0,131.0,152.26366021550325 0.23570226039551587)
(71.0,132.0,129.2 0.2)
(71.0,133.0,110.78808600206071 0.17149858514250882)
(71.0,134.0,96.29999423099093 0.14907119849998599)
(71.0,135.0,84.82395562738077 0.13130643285972254)
(71.0,136.0,75.60858108870035 0.11704114719613057)
(71.0,137.0,68.0943789489591 0.10540925533894598)
(72.0,128.0,161.5 0.25)
(72.0,129.0,156.6780137734711 0.24253562503633297)
(72.0,130.0,144.4499913464864 0.22360679774997896)
(72.0,131.0,129.2 0.2)
(72.0,132.0,114.19774516162742 0.17677669529663687)
(72.0,133.0,100.88825018003952 0.15617376188860607)
(72.0,134.0,89.5840816903745 0.1386750490563073)
(72.0,135.0,80.12643854462867 0.12403473458920847)
(72.0,136.0,72.2249956732432 0.11180339887498948)
(72.0,137.0,65.5913622676318 0.10153461651336192)
(73.0,128.0,129.2 0.2)
(73.0,129.0,126.69102329926689 0.19611613513818404)
(73.0,130.0,119.95918846237551 0.18569533817705186)
(73.0,131.0,110.78808600206071 0.17149858514250882)
(73.0,132.0,100.88825018003952 0.15617376188860607)
(73.0,133.0,91.35819612930193 0.1414213562373095)
(73.0,134.0,82.7118244366508 0.12803687993289598)
(73.0,135.0,75.09597462850725 0.11624763874381928)
(73.0,136.0,68.47586304841086 0.105999788000636)
(74.0,128.0,107.66666666666667 0.16666666666666666)
(74.0,129.0,106.20174579926082 0.1643989873053573)
(74.0,130.0,102.14156842343864 0.15811388300841897)
(74.0,131.0,96.29999423099093 0.14907119849998599)
(74.0,132.0,89.5840816903745 0.1386750490563073)
(74.0,133.0,82.7118244366508 0.12803687993289598)
(74.0,134.0,76.13183010775163 0.11785113019775793)
(74.0,135.0,70.06853787542595 0.10846522890932808)
(75.0,128.0,92.28571428571429 0.14285714285714285)
(75.0,129.0,91.35819612930193 0.1414213562373095)
(75.0,130.0,88.73492431085312 0.13736056394868904)
(75.0,131.0,84.82395562738077 0.13130643285972254)
(75.0,132.0,80.12643854462867 0.12403473458920847)
(75.0,133.0,75.09597462850725 0.11624763874381928)
(75.0,134.0,70.06853787542595 0.10846522890932808)
(75.0,135.0,65.25585437807281 0.10101525445522107)
(62.0,136.0,61.52997760709732 0.10153461651336192)
(62.0,137.0,63.87800873540126 0.10540925533894598)
(62.0,138.0,65.72992871905282 0.10846522890932808)
(62.0,139.0,66.921504801357 0.11043152607484653)
(62.0,140.0,67.33333333333333 0.1111111111111111)
(62.0,141.0,66.921504801357 0.11043152607484653)
(63.0,135.0,64.23587152838542 0.105999788000636)
(63.0,136.0,67.75285971824363 0.11180339887498948)
(63.0,137.0,70.92693520085513 0.11704114719613057)
(63.0,138.0,73.48829438600889 0.12126781251816648)
(63.0,139.0,75.16504916106032 0.12403473458920847)
(63.0,140.0,75.75 0.125)
(63.0,141.0,75.16504916106032 0.12403473458920847)
(64.0,133.0,61.215244199863974 0.10101525445522107)
(64.0,134.0,65.72992871905282 0.10846522890932808)
(64.0,135.0,70.44606907875449 0.11624763874381928)
(64.0,136.0,75.16504916106032 0.12403473458920847)
(64.0,137.0,79.57169831299187 0.13130643285972254)
(64.0,138.0,83.24050175290554 0.13736056394868904)
(64.0,139.0,85.70134187980956 0.1414213562373095)
(64.0,140.0,86.57142857142857 0.14285714285714285)
(64.0,141.0,85.70134187980956 0.1414213562373095)
(65.0,133.0,65.72992871905282 0.10846522890932808)
(65.0,134.0,71.41778489984131 0.11785113019775793)
(65.0,135.0,77.59034923933497 0.12803687993289598)
(65.0,136.0,84.03707972812222 0.1386750490563073)
(65.0,137.0,90.3371462909915 0.14907119849998599)
(65.0,138.0,95.81701310310189 0.15811388300841897)
(65.0,139.0,99.62578630704652 0.1643989873053573)
(65.0,140.0,101.0 0.16666666666666666)
(65.0,141.0,99.62578630704652 0.1643989873053573)
(66.0,132.0,64.23587152838542 0.105999788000636)
(66.0,133.0,70.44606907875449 0.11624763874381928)
(66.0,134.0,77.59034923933497 0.12803687993289598)
(66.0,135.0,85.70134187980956 0.1414213562373095)
(66.0,136.0,94.64129970449528 0.15617376188860607)
(66.0,137.0,103.92814259636035 0.17149858514250882)
(66.0,138.0,112.53137493529344 0.18569533817705186)
(66.0,139.0,118.84637789373953 0.19611613513818404)
(66.0,140.0,121.2 0.2)
(66.0,141.0,118.84637789373953 0.19611613513818404)
(67.0,131.0,61.52997760709732 0.10153461651336192)
(67.0,132.0,67.75285971824363 0.11180339887498948)
(67.0,133.0,75.16504916106032 0.12403473458920847)
(67.0,134.0,84.03707972812222 0.1386750490563073)
(67.0,135.0,94.64129970449528 0.15617376188860607)
(67.0,136.0,107.12667734976195 0.17677669529663687)
(67.0,137.0,121.2 0.2)
(67.0,138.0,135.50571943648725 0.22360679774997896)
(67.0,139.0,146.97658877201778 0.24253562503633297)
(67.0,140.0,151.5 0.25)
(67.0,141.0,146.97658877201778 0.24253562503633297)
(68.0,131.0,63.87800873540126 0.10540925533894598)
(68.0,132.0,70.92693520085513 0.11704114719613057)
(68.0,133.0,79.57169831299187 0.13130643285972254)
(68.0,134.0,90.3371462909915 0.14907119849998599)
(68.0,135.0,103.92814259636035 0.17149858514250882)
(68.0,136.0,121.2 0.2)
(68.0,137.0,142.83556979968262 0.23570226039551587)
(68.0,138.0,168.07415945624444 0.2773500981126146)
(68.0,139.0,191.63402620620377 0.31622776601683794)
(68.0,140.0,202.0 0.3333333333333333)
(68.0,141.0,191.63402620620377 0.31622776601683794)
(69.0,131.0,65.72992871905282 0.10846522890932808)
(69.0,132.0,73.48829438600889 0.12126781251816648)
(69.0,133.0,83.24050175290554 0.13736056394868904)
(69.0,134.0,95.81701310310189 0.15811388300841897)
(69.0,135.0,112.53137493529344 0.18569533817705186)
(69.0,136.0,135.50571943648725 0.22360679774997896)
(69.0,137.0,168.07415945624444 0.2773500981126146)
(69.0,138.0,214.2533546995239 0.35355339059327373)
(69.0,139.0,271.0114388729745 0.4472135954999579)
(69.0,140.0,303.0 0.5)
(69.0,141.0,271.0114388729745 0.4472135954999579)
(70.0,131.0,66.921504801357 0.11043152607484653)
(70.0,132.0,75.16504916106032 0.12403473458920847)
(70.0,133.0,85.70134187980956 0.1414213562373095)
(70.0,134.0,99.62578630704652 0.1643989873053573)
(70.0,135.0,118.84637789373953 0.19611613513818404)
(70.0,136.0,146.97658877201778 0.24253562503633297)
(70.0,137.0,191.63402620620377 0.31622776601683794)
(70.0,138.0,271.0114388729745 0.4472135954999579)
(70.0,139.0,428.5067093990478 0.7071067811865475)
(70.0,140.0,606.0 1.0)
(70.0,141.0,428.5067093990478 0.7071067811865475)
(71.0,131.0,67.33333333333333 0.1111111111111111)
(71.0,132.0,75.75 0.125)
(71.0,133.0,86.57142857142857 0.14285714285714285)
(71.0,134.0,101.0 0.16666666666666666)
(71.0,135.0,121.2 0.2)
(71.0,136.0,151.5 0.25)
(71.0,137.0,202.0 0.3333333333333333)
(71.0,138.0,303.0 0.5)
(71.0,139.0,606.0 1.0)
(71.0,140.0,0.0 0.0)
(71.0,141.0,606.0 1.0)
(72.0,131.0,66.921504801357 0.11043152607484653)
(72.0,132.0,75.16504916106032 0.12403473458920847)
(72.0,133.0,85.70134187980956 0.1414213562373095)
(72.0,134.0,99.62578630704652 0.1643989873053573)
(72.0,135.0,118.84637789373953 0.19611613513818404)
(72.0,136.0,146.97658877201778 0.24253562503633297)
(72.0,137.0,191.63402620620377 0.31622776601683794)
(72.0,138.0,271.0114388729745 0.4472135954999579)
(72.0,139.0,428.5067093990478 0.7071067811865475)
(72.0,140.0,606.0 1.0)
(72.0,141.0,428.5067093990478 0.7071067811865475)
(73.0,131.0,65.72992871905282 0.10846522890932808)
(73.0,132.0,73.48829438600889 0.12126781251816648)
(73.0,133.0,83.24050175290554 0.13736056394868904)
(73.0,134.0,95.81701310310189 0.15811388300841897)
(73.0,135.0,112.53137493529344 0.18569533817705186)
(73.0,136.0,135.50571943648725 0.22360679774997896)
(73.0,137.0,168.07415945624444 0.2773500981126146)
(73.0,138.0,214.2533546995239 0.35355339059327373)
(73.0,139.0,271.0114388729745 0.4472135954999579)
(73.0,140.0,303.0 0.5)
(73.0,141.0,271.0114388729745 0.4472135954999579)
(74.0,131.0,63.87800873540126 0.10540925533894598)
(74.0,132.0,70.92693520085513 0.11704114719613057)
(74.0,133.0,79.57169831299187 0.13130643285972254)
(74.0,134.0,90.3371462909915 0.14907119849998599)
(74.0,135.0,103.92814259636035 0.17149858514250882)
(74.0,136.0,121.2 0.2)
(74.0,137.0,142.83556979968262 0.23570226039551587)
(74.0,138.0,168.07415945624444 0.2773500981126146)
(74.0,139.0,191.63402620620377 0.31622776601683794)
(74.0,140.0,202.0 0.3333333333333333)
(74.0,141.0,191.63402620620377 0.31622776601683794)
(75.0,131.0,61.52997760709732 0.10153461651336192)
(75.0,132.0,67.75285971824363 0.11180339887498948)
(75.0,133.0,75.16504916106032 0.12403473458920847)
(75.0,134.0,84.03707972812222 0.1386750490563073)
(75.0,135.0,94.64129970449528 0.15617376188860607)
(75.0,136.0,107.12667734976195 0.17677669529663687)
(75.0,137.0,121.2 0.2)
(75.0,138.0,135.50571943648725 0.22360679774997896)
(75.0,139.0,146.97658877201778 0.24253562503633297)
(75.0,140.0,151.5 0.25)
(75.0,141.0,146.97658877201778 0.24253562503633297)
(64.0,137.0,80.31388166206928 0.10153461651336192)
(64.0,138.0,83.37872097310627 0.10540925533894598)
(64.0,139.0,85.79599606727852 0.10846522890932808)
(64.0,140.0,87.35133712520361 0.11043152607484653)
(64.0,141.0,87.88888888888889 0.1111111111111111)
(65.0,136.0,83.84583230850308 0.105999788000636)
(65.0,137.0,88.43648851011667 0.11180339887498948)
(65.0,138.0,92.57954743213928 0.11704114719613057)
(65.0,139.0,95.92283970186969 0.12126781251816648)
(65.0,140.0,98.1114750600639 0.12403473458920847)
(65.0,141.0,98.875 0.125)
(66.0,134.0,79.90306627407988 0.10101525445522107)
(66.0,135.0,85.79599606727852 0.10846522890932808)
(66.0,136.0,91.95188224636105 0.11624763874381928)
(66.0,137.0,98.1114750600639 0.12403473458920847)
(66.0,138.0,103.86338839204053 0.13130643285972254)
(66.0,139.0,108.65220608341302 0.13736056394868904)
(66.0,140.0,111.86429278371182 0.1414213562373095)
(66.0,141.0,113.0 0.14285714285714285)
(67.0,134.0,85.79599606727852 0.10846522890932808)
(67.0,135.0,93.22024398642652 0.11785113019775793)
(67.0,136.0,101.27717202692072 0.12803687993289598)
(67.0,137.0,109.69196380353907 0.1386750490563073)
(67.0,138.0,117.9153180134889 0.14907119849998599)
(67.0,139.0,125.0680814596594 0.15811388300841897)
(67.0,140.0,130.03959895853762 0.1643989873053573)
(67.0,141.0,131.83333333333334 0.16666666666666666)
(68.0,133.0,83.84583230850308 0.105999788000636)
(68.0,134.0,91.95188224636105 0.11624763874381928)
(68.0,135.0,101.27717202692072 0.12803687993289598)
(68.0,136.0,111.86429278371182 0.1414213562373095)
(68.0,137.0,123.5334456538874 0.15617376188860607)
(68.0,138.0,135.65538084772447 0.17149858514250882)
(68.0,139.0,146.88501249804804 0.18569533817705186)
(68.0,140.0,155.12786289430358 0.19611613513818404)
(68.0,141.0,158.2 0.2)
(69.0,132.0,80.31388166206928 0.10153461651336192)
(69.0,133.0,88.43648851011667 0.11180339887498948)
(69.0,134.0,98.1114750600639 0.12403473458920847)
(69.0,135.0,109.69196380353907 0.1386750490563073)
(69.0,136.0,123.5334456538874 0.15617376188860607)
(69.0,137.0,139.83036597963977 0.17677669529663687)
(69.0,138.0,158.2 0.2)
(69.0,139.0,176.87297702023335 0.22360679774997896)
(69.0,140.0,191.84567940373938 0.24253562503633297)
(69.0,141.0,197.75 0.25)
(70.0,132.0,83.37872097310627 0.10540925533894598)
(70.0,133.0,92.57954743213928 0.11704114719613057)
(70.0,134.0,103.86338839204053 0.13130643285972254)
(70.0,135.0,117.9153180134889 0.14907119849998599)
(70.0,136.0,135.65538084772447 0.17149858514250882)
(70.0,137.0,158.2 0.2)
(70.0,138.0,186.44048797285305 0.23570226039551587)
(70.0,139.0,219.38392760707814 0.2773500981126146)
(70.0,140.0,250.1361629193188 0.31622776601683794)
(70.0,141.0,263.6666666666667 0.3333333333333333)
(71.0,132.0,85.79599606727852 0.10846522890932808)
(71.0,133.0,95.92283970186969 0.12126781251816648)
(71.0,134.0,108.65220608341302 0.13736056394868904)
(71.0,135.0,125.0680814596594 0.15811388300841897)
(71.0,136.0,146.88501249804804 0.18569533817705186)
(71.0,137.0,176.87297702023335 0.22360679774997896)
(71.0,138.0,219.38392760707814 0.2773500981126146)
(71.0,139.0,279.66073195927953 0.35355339059327373)
(71.0,140.0,353.7459540404667 0.4472135954999579)
(71.0,141.0,395.5 0.5)
(72.0,132.0,87.35133712520361 0.11043152607484653)
(72.0,133.0,98.1114750600639 0.12403473458920847)
(72.0,134.0,111.86429278371182 0.1414213562373095)
(72.0,135.0,130.03959895853762 0.1643989873053573)
(72.0,136.0,155.12786289430358 0.19611613513818404)
(72.0,137.0,191.84567940373938 0.24253562503633297)
(72.0,138.0,250.1361629193188 0.31622776601683794)
(72.0,139.0,353.7459540404667 0.4472135954999579)
(72.0,140.0,559.3214639185591 0.7071067811865475)
(72.0,141.0,791.0 1.0)
(73.0,132.0,87.88888888888889 0.1111111111111111)
(73.0,133.0,98.875 0.125)
(73.0,134.0,113.0 0.14285714285714285)
(73.0,135.0,131.83333333333334 0.16666666666666666)
(73.0,136.0,158.2 0.2)
(73.0,137.0,197.75 0.25)
(73.0,138.0,263.6666666666667 0.3333333333333333)
(73.0,139.0,395.5 0.5)
(73.0,140.0,791.0 1.0)
(73.0,141.0,0.0 0.0)
(74.0,132.0,87.35133712520361 0.11043152607484653)
(74.0,133.0,98.1114750600639 0.12403473458920847)
(74.0,134.0,111.86429278371182 0.1414213562373095)
(74.0,135.0,130.03959895853762 0.1643989873053573)
(74.0,136.0,155.12786289430358 0.19611613513818404)
(74.0,137.0,191.84567940373938 0.24253562503633297)
(74.0,138.0,250.1361629193188 0.31622776601683794)
(74.0,139.0,353.7459540404667 0.4472135954999579)
(74.0,140.0,559.3214639185591 0.7071067811865475)
(74.0,141.0,791.0 1.0)
(75.0,132.0,85.79599606727852 0.10846522890932808)
(75.0,133.0,95.92283970186969 0.12126781251816648)
(75.0,134.0,108.65220608341302 0.13736056394868904)
(75.0,135.0,125.0680814596594 0.15811388300841897)
(75.0,136.0,146.88501249804804 0.18569533817705186)
(75.0,137.0,176.87297702023335 0.22360679774997896)
(75.0,138.0,219.38392760707814 0.2773500981126146)
(75.0,139.0,279.66073195927953 0.35355339059327373)
(75.0,140.0,353.7459540404667 0.4472135954999579)
(75.0,141.0,395.5 0.5)
(66.0,128.0,87.0 0.1111111111111111)
(66.0,129.0,86.46788491660483 0.11043152607484653)
(66.0,130.0,84.92827423600389 0.10846522890932808)
(66.0,131.0,82.5354469303947 0.10540925533894598)
(66.0,132.0,79.50160472996238 0.10153461651336192)
(67.0,128.0,97.875 0.125)
(67.0,129.0,97.11919718335022 0.12403473458920847)
(67.0,130.0,94.95269720172436 0.12126781251816648)
(67.0,131.0,91.64321825457024 0.11704114719613057)
(67.0,132.0,87.54206131911677 0.11180339887498948)
(67.0,133.0,82.99783400449799 0.105999788000636)
(68.0,128.0,111.85714285714286 0.14285714285714285)
(68.0,129.0,110.73292193381334 0.1414213562373095)
(68.0,130.0,107.5533215718235 0.13736056394868904)
(68.0,131.0,102.81293692916276 0.13130643285972254)
(68.0,132.0,97.11919718335022 0.12403473458920847)
(68.0,133.0,91.02190113641049 0.11624763874381928)
(68.0,134.0,84.92827423600389 0.10846522890932808)
(68.0,135.0,79.0949442384381 0.10101525445522107)
(69.0,128.0,130.5 0.16666666666666666)
(69.0,129.0,128.72440706009476 0.1643989873053573)
(69.0,130.0,123.80317039559205 0.15811388300841897)
(69.0,131.0,116.72274842548902 0.14907119849998599)
(69.0,132.0,108.5825634110886 0.1386750490563073)
(69.0,133.0,100.25287698745755 0.12803687993289598)
(69.0,134.0,92.27743494484446 0.11785113019775793)
(69.0,135.0,84.92827423600389 0.10846522890932808)
(70.0,128.0,156.6 0.2)
(70.0,129.0,153.5589338131981 0.19611613513818404)
(70.0,130.0,145.39944979263163 0.18569533817705186)
(70.0,131.0,134.2833921665844 0.17149858514250882)
(70.0,132.0,122.28405555877855 0.15617376188860607)
(70.0,133.0,110.73292193381334 0.1414213562373095)
(70.0,134.0,100.25287698745755 0.12803687993289598)
(70.0,135.0,91.02190113641049 0.11624763874381928)
(70.0,136.0,82.99783400449799 0.105999788000636)
(71.0,128.0,195.75 0.25)
(71.0,129.0,189.90539440344872 0.24253562503633297)
(71.0,130.0,175.08412263823354 0.22360679774997896)
(71.0,131.0,156.6 0.2)
(71.0,132.0,138.41615241726666 0.17677669529663687)
(71.0,133.0,122.28405555877855 0.15617376188860607)
(71.0,134.0,108.5825634110886 0.1386750490563073)
(71.0,135.0,97.11919718335022 0.12403473458920847)
(71.0,136.0,87.54206131911677 0.11180339887498948)
(71.0,137.0,79.50160472996238 0.10153461651336192)
(72.0,128.0,261.0 0.3333333333333333)
(72.0,129.0,247.6063407911841 0.31622776601683794)
(72.0,130.0,217.1651268221772 0.2773500981126146)
(72.0,131.0,184.55486988968892 0.23570226039551587)
(72.0,132.0,156.6 0.2)
(72.0,133.0,134.2833921665844 0.17149858514250882)
(72.0,134.0,116.72274842548902 0.14907119849998599)
(72.0,135.0,102.81293692916276 0.13130643285972254)
(72.0,136.0,91.64321825457024 0.11704114719613057)
(72.0,137.0,82.5354469303947 0.10540925533894598)
(73.0,128.0,391.5 0.5)
(73.0,129.0,350.1682452764671 0.4472135954999579)
(73.0,130.0,276.8323048345333 0.35355339059327373)
(73.0,131.0,217.1651268221772 0.2773500981126146)
(73.0,132.0,175.08412263823354 0.22360679774997896)
(73.0,133.0,145.39944979263163 0.18569533817705186)
(73.0,134.0,123.80317039559205 0.15811388300841897)
(73.0,135.0,107.5533215718235 0.13736056394868904)
(73.0,136.0,94.95269720172436 0.12126781251816648)
(73.0,137.0,84.92827423600389 0.10846522890932808)
(74.0,128.0,783.0 1.0)
(74.0,129.0,553.6646096690666 0.7071067811865475)
(74.0,130.0,350.1682452764671 0.4472135954999579)
(74.0,131.0,247.6063407911841 0.31622776601683794)
(74.0,132.0,189.90539440344872 0.24253562503633297)
(74.0,133.0,153.5589338131981 0.19611613513818404)
(74.0,134.0,128.72440706009476 0.1643989873053573)
(74.0,135.0,110.73292193381334 0.1414213562373095)
(74.0,136.0,97.11919718335022 0.12403473458920847)
(74.0,137.0,86.46788491660483 0.11043152607484653)
(75.0,128.0,0.0 0.0)
(75.0,129.0,783.0 1.0)
(75.0,130.0,391.5 0.5)
(75.0,131.0,261.0 0.3333333333333333)
(75.0,132.0,195.75 0.25)
(75.0,133.0,156.6 0.2)
(75.0,134.0,130.5 0.16666666666666666)
(75.0,135.0,111.85714285714286 0.14285714285714285)
(75.0,136.0,97.875 0.125)
(75.0,137.0,87.0 0.1111111111111111)
