-2.89874283131310
-0.464009749729280
-2.25396124548638
2.15280323010460
0.666663439935372
1.62171750428637
1.47270062896505
2.02995592791978
-1.59814307363604
-0.269170300272186
2.98544166241685
-0.198909102962239
1.83934262457589
-2.11156752336079
1.70401295242261
1.21087110284198
0.00694605389945480
-0.719288922359062
-1.03757376360229
-2.47221136054169
-0.941295969854180
2.35833650168436
-1.26870888426843
-2.44709828083421
1.46040679724890
4.77564124657259
4.10652470639324
-1.24370374349226
0.624921612127154
1.15786623021535
0.620794976307693
2.21136775516730
-2.05182665110606
-0.473576813861746
2.92443597046049
-3.44837442818044
2.25126284784050
-1.49422698732398
0.682559507110000
2.16122774482173
-0.961381082477717
-2.65586236684267
1.63010912008442
-3.91173165732843
4.32100590011774
0.379378570125910
2.83061087306960
3.82556081704381
-2.25291293359686
2.85367169985864
-1.78451470280099
-0.569438121687090
2.76883346633624
-2.09948607058675
-2.47674802076316
-2.38166029429615
0.696346411419309
-3.42324551504528
-2.72695785698463
0.298493638729778
-1.81531924014397
-1.24465440989042
-2.52268826791493
1.78880005321354
-3.52206814098523
-1.94421369262047
-0.781981879505700
-3.35691128857536
1.40055913018612
4.02382892431378
-1.77551060900681
0.468811685364994
3.40320265506860
-3.00407576625339
2.79892637324386
-0.957691318180246
0.375387835578195
-0.761932417265788
-1.43589548020397
-2.13844142198231
1.72468830886270
2.18327004370302
-4.23274326062143
-0.467473540156719
-2.23251805757235
3.55912909217086
0.145307645409810
-2.42279053382479
2.42173127450152
-1.91022980307084
-3.76565666983560
-0.116889597412522
-3.74703884012974
-1.22779374764457
1.08440783119575
1.76686696464979
2.90356488047570
-3.67186380492156
-1.90222062857512
3.85318295388745