0.727887616596253
-1.83027544999703
-1.71421814159743
0.0865993698571348
-1.61307989687653
1.27259421543850
1.27018836831715
0.889758369467369
-1.40053823008813
0.638421011633229
0.0743797700421527
1.89189821905545
0.595965970849425
1.20132230140961
-0.184809165092322
-0.270433984866153
1.30125518160818
-1.66612074056434
-1.46731596957135
-1.30644554752398
-0.436248790705058
1.32551897135628
1.21345756640976
-1.75811528332043
-0.402968917545697
0.107503322033184
-0.332802128276852
0.627439563894829
0.511893436760417
-0.832063680153140
-0.273395319005119
-1.93805149745592
1.93625489751662
-1.33132636034138
-1.57513462028534
-0.510361039777852
-1.20752638982810
-0.0412494479359045
-0.642026346436969
1.80652185911091
1.68132815934626
-1.78929200927683
0.951432382067986
-0.923522294405776
-0.308657539964769
0.191483604859379
1.77094793710774
-0.329023582733351
1.93220986587942
-0.794180205151738
0.804395023603705
0.665355406337703
0.156505860171427
0.792422080721233
0.666111653610348
-1.28747018239865
-1.48794240111931
1.99632157904544
-1.31551573457427
-1.86959671787789
0.244799170838641
1.52746600180724
0.676701218137575
-1.23826693128018
-0.524333815744420
-0.157096250958354
1.92655180388300
-1.37438019109375
1.42209122338365
0.579058147480352
-0.494911158884674
-1.23630521905479
-0.286988028082456
-0.0719117558725748
-1.51755354681135
0.358029938780236
-1.09524928098930
-0.461523502522357
0.331945530990696
-0.992775510110749
-0.838237342892083
0.468363537572893
-0.938876360759883
1.29750506675534
1.93065359888780
0.920995169070391
-0.624491983540068
0.336277333113808
-1.56892393902503
1.62523260259893
1.51861489792762
1.27104223748257
-0.957088003778142
0.377425002657323
-1.90994962903907
-0.298962719143460
-0.749124452717538
-1.35406102275300
-1.28493525299053
-0.308457243599662