-1.62308264444906
0.394094675026965
-0.116302974566664
0.783797253206432
0.799551399713166
0.554123033087352
-1.86558465573428
-1.72477560352780
-0.721601059278016
0.123457122776506
0.617782831028265
-0.369523211835390
1.27992489112776
0.873435772823535
1.87459732092437
0.125335626262698
-0.699417272717760
-1.57748318668391
0.443834634984802
1.11520896729637
-0.306188324149047
-1.63670685685024
-0.934114036883710
-1.38537312963477
-0.875978789864516
-0.239659443993117
0.108570967042609
-0.170302537249304
1.50148639441674
0.0722084334444166
1.77449049819355
0.550836392288696
1.83077575936633
-1.03717185807936
0.704489215455007
-0.843741713302093
0.687232661656861
0.780561998206949
-1.72802892611996
-0.980839373611979
-1.10383987670313
0.671330908054866
1.37756862610882
-0.622150354795831
1.12207861092543
0.701328262987998
-1.97313874272609
0.408681950327181
-0.452915221916062
1.66396497652570
-1.99539577148357
-0.150203363030685
-0.302603840738499
-0.156334535884144
1.08063891443444
-0.710112771252886
1.13895717904297
-0.114571385157554
-1.85694906692353
-1.29650233726588
0.887032133564410
-0.106056028138719
-1.38911519824707
-0.635501571803563
0.429556855073390
-1.23301897815281
0.953707359907766
-1.02860160672732
1.66969736819753
-0.923753653255927
1.06200006648575
-1.24535209283404
-0.850007307735475
-1.63554614525386
0.304837522652028
0.733452973178612
0.186372458361291
-0.297084632515249
0.577771125725346
0.590470520690738
0.716067016372808
0.543146842056335
1.78069645243761
-1.16426031029591
0.837126810842179
-1.05507769202481
-1.52241500881078
0.429215762742539
-0.199449212136416
-0.165098025404529
0.647779007622608
1.08114205921464
-0.599127946235580
0.648038393436538
-0.335365640120814
1.36771661076524
1.33166727630086
-0.974236031083411
0.453842947251501
0.328996658108908